# Tanca -- dados filtrados
# periodo     : 2026-01-17 00:00:00  ->  2026-01-27 00:00:00  (UTC)
# bin         : 5 min
# corte_deriv : |d(rate)/dt| < 0.075 Hz/s
# corte_dt    : dt <= 1.0 * bin_width  (0 = sem corte)
# rate_min    : 1600.00 Hz
# rate_max    : 2400.00 Hz
# bins_aceitos: 2719 / 2774  (98.0%)
# sumRate1Hz = rateHz * count  (soma dos rates de 1 Hz no bin)
# secondsEpoch, rateHz, sumRate1Hz, count
1768608150, 1901.52, 559046.54, 294
1768608450, 1910.89, 561800.85, 294
1768608750, 1918.76, 560279.16, 292
1768609050, 1910.64, 557907.69, 292
1768609350, 1917.66, 563791.47, 294
1768609650, 1904.48, 559916.21, 294
1768609950, 1907.79, 560889.16, 294
1768610250, 1893.59, 556714.62, 294
1768610550, 1906.70, 560571.16, 294
1768610850, 1889.28, 551670.66, 292
1768611150, 1877.82, 550200.39, 293
1768611450, 1869.82, 549726.83, 294
1768612050, 1888.78, 555302.20, 294
1768612350, 1879.51, 545059.18, 290
1768612650, 1889.02, 551594.21, 292
1768612950, 1894.31, 556926.01, 294
1768613250, 1903.32, 559575.58, 294
1768613550, 1901.96, 559177.16, 294
1768613850, 1912.61, 562306.43, 294
1768614150, 1915.16, 564971.67, 295
1768614450, 1918.64, 564081.58, 294
1768614750, 1912.34, 562227.68, 294
1768615050, 1918.66, 564085.01, 294
1768615350, 1913.79, 562654.91, 294
1768615650, 1912.63, 562314.55, 294
1768615950, 1921.64, 564963.08, 294
1768616250, 1915.02, 563016.32, 294
1768616550, 1923.02, 561522.46, 292
1768616850, 1910.73, 563666.54, 295
1768617150, 1922.49, 561368.20, 292
1768617450, 1915.50, 563156.05, 294
1768617750, 1913.14, 558635.71, 292
1768618050, 1911.58, 562005.95, 294
1768618350, 1917.64, 559949.96, 292
1768618650, 1910.50, 561686.97, 294
1768618950, 1919.85, 560597.62, 292
1768619250, 1915.32, 563105.21, 294
1768619550, 1916.62, 561569.33, 293
1768619850, 1914.03, 562725.72, 294
1768620150, 1912.30, 558391.16, 292
1768620450, 1918.79, 564124.74, 294
1768620750, 1902.96, 559471.24, 294
1768621050, 1914.38, 562829.06, 294
1768621350, 1905.43, 560197.62, 294
1768621650, 1912.57, 558471.45, 292
1768621950, 1911.59, 562008.20, 294
1768622250, 1921.61, 564954.64, 294
1768622550, 1916.79, 557785.13, 291
1768622850, 1922.88, 565325.80, 294
1768623150, 1912.60, 558480.31, 292
1768623450, 1923.97, 561800.35, 292
1768623750, 1917.48, 563737.74, 294
1768624050, 1910.51, 555958.40, 291
1768624350, 1914.00, 564628.97, 295
1768624650, 1909.52, 561399.20, 294
1768624950, 1923.35, 557770.90, 290
1768625250, 1914.64, 562903.16, 294
1768625550, 1923.63, 565548.19, 294
1768625850, 1913.35, 562525.72, 294
1768626150, 1919.60, 558602.41, 291
1768626450, 1910.00, 557719.40, 292
1768626750, 1917.19, 559818.52, 292
1768627050, 1916.13, 563342.75, 294
1768627350, 1929.97, 563552.02, 292
1768627650, 1927.27, 566616.60, 294
1768627950, 1921.93, 561203.36, 292
1768628250, 1923.57, 567452.07, 295
1768628550, 1916.83, 563547.40, 294
1768628850, 1927.15, 566582.50, 294
1768629150, 1920.36, 564586.55, 294
1768629450, 1928.93, 567104.45, 294
1768629750, 1917.43, 556054.65, 290
1768630050, 1925.15, 565993.70, 294
1768630350, 1913.05, 562437.91, 294
1768630650, 1929.55, 567287.85, 294
1768630950, 1914.74, 561018.14, 293
1768631250, 1922.46, 561358.67, 292
1768631550, 1915.56, 563173.24, 294
1768631850, 1916.86, 559722.32, 292
1768632150, 1923.30, 565449.22, 294
1768632450, 1915.82, 563250.28, 294
1768632750, 1922.86, 565321.19, 294
1768633050, 1921.59, 561104.68, 292
1768633350, 1924.41, 565777.97, 294
1768633650, 1918.72, 566023.55, 295
1768633950, 1919.07, 564207.11, 294
1768634250, 1914.55, 559047.47, 292
1768634550, 1927.14, 566580.49, 294
1768634850, 1915.74, 563226.24, 294
1768635150, 1922.25, 551686.23, 287
1768635450, 1922.85, 565316.75, 294
1768635750, 1917.45, 556061.30, 290
1768636050, 1921.72, 564985.41, 294
1768636350, 1917.71, 563807.69, 294
1768636650, 1916.23, 563370.76, 294
1768636950, 1912.95, 562406.50, 294
1768637250, 1920.41, 564600.40, 294
1768637550, 1921.41, 564895.16, 294
1768637850, 1918.79, 560286.99, 292
1768638150, 1919.58, 564356.79, 294
1768638450, 1929.62, 569237.21, 295
1768638750, 1912.33, 558400.21, 292
1768639050, 1911.92, 552545.41, 289
1768639350, 1897.17, 557767.19, 294
1768639650, 1893.14, 552795.95, 292
1768639950, 1892.77, 556473.74, 294
1768640250, 1897.04, 553934.73, 292
1768640550, 1910.77, 557944.28, 292
1768640850, 1896.99, 557716.00, 294
1768641150, 1908.48, 563001.15, 295
1768641450, 1890.86, 555913.47, 294
1768641750, 1888.14, 551337.28, 292
1768642050, 1872.09, 550395.43, 294
1768642350, 1888.26, 555148.07, 294
1768642650, 1875.98, 544034.93, 290
1768642950, 1883.95, 550113.02, 292
1768643250, 1885.76, 554413.79, 294
1768643550, 1893.12, 556577.02, 294
1768643850, 1885.47, 546787.02, 290
1768644150, 1882.48, 549684.65, 292
1768644450, 1895.78, 557360.57, 294
1768644750, 1893.95, 551140.17, 291
1768645050, 1899.17, 554557.16, 292
1768645350, 1890.48, 555801.62, 294
1768645650, 1894.85, 557085.29, 294
1768645950, 1880.27, 549039.53, 292
1768646250, 1873.07, 546936.67, 292
1768646550, 1876.77, 548016.82, 292
1768647150, 1911.46, 558147.45, 292
1768647450, 1909.96, 563439.37, 295
1768647750, 1908.83, 561195.45, 294
1768648050, 1897.25, 557792.42, 294
1768648350, 1906.80, 560599.94, 294
1768648650, 1898.45, 550550.48, 290
1768648950, 1909.75, 550006.89, 288
1768649250, 1898.20, 550476.63, 290
1768649550, 1909.50, 555663.58, 291
1768649850, 1907.37, 558860.10, 293
1768650150, 1919.40, 564302.70, 294
1768650450, 1905.66, 560264.82, 294
1768650750, 1910.80, 561776.25, 294
1768651050, 1905.35, 554457.29, 291
1768651350, 1902.53, 559344.30, 294
1768651650, 1900.55, 554960.73, 292
1768651950, 1890.60, 553945.97, 293
1768652250, 1886.70, 549028.43, 291
1768652550, 1886.73, 554700.03, 294
1768652850, 1891.65, 556144.20, 294
1768653150, 1880.63, 552904.84, 294
1768653450, 1880.34, 545297.90, 290
1768653750, 1871.79, 550306.74, 294
1768654050, 1879.38, 552536.34, 294
1768654350, 1875.53, 551406.85, 294
1768654650, 1883.88, 555743.46, 295
1768654950, 1889.67, 555563.60, 294
1768655250, 1899.12, 558342.64, 294
1768655550, 1898.77, 558237.62, 294
1768655850, 1893.44, 556672.61, 294
1768656150, 1899.56, 558471.34, 294
1768656450, 1896.07, 557444.96, 294
1768656750, 1909.15, 561289.81, 294
1768657050, 1896.71, 551941.77, 291
1768657350, 1905.38, 556369.67, 292
1768657650, 1893.09, 552783.17, 292
1768657950, 1892.42, 550695.40, 291
1768658250, 1885.27, 554267.92, 294
1768658550, 1887.06, 554794.99, 294
1768658850, 1885.32, 556168.63, 295
1768659150, 1875.17, 547550.78, 292
1768659750, 1902.74, 555601.02, 292
1768660050, 1908.16, 560999.36, 294
1768660350, 1897.76, 554146.75, 292
1768660650, 1902.78, 551806.66, 290
1768660950, 1897.71, 557927.79, 294
1768661250, 1915.64, 563197.84, 294
1768661550, 1911.25, 561907.32, 294
1768661850, 1914.50, 559034.78, 292
1768662150, 1902.67, 561286.27, 295
1768662450, 1908.96, 561233.22, 294
1768662750, 1913.30, 562509.89, 294
1768663050, 1912.57, 562295.93, 294
1768663350, 1918.39, 564006.20, 294
1768663650, 1899.21, 558367.28, 294
1768663950, 1906.98, 560653.27, 294
1768664250, 1888.57, 557126.75, 295
1768664550, 1903.00, 559482.12, 294
1768664850, 1905.28, 552532.52, 290
1768665150, 1892.73, 550785.04, 291
1768665450, 1907.41, 560778.93, 294
1768665750, 1925.02, 558254.82, 290
1768666050, 1921.78, 565001.92, 294
1768666350, 1932.22, 568074.15, 294
1768666650, 1917.03, 559773.72, 292
1768666950, 1917.72, 559973.10, 292
1768667250, 1927.87, 566792.65, 294
1768667550, 1919.95, 566385.78, 295
1768667850, 1926.56, 566407.81, 294
1768668150, 1925.32, 562193.45, 292
1768668450, 1928.56, 561210.94, 291
1768668750, 1914.97, 557256.87, 291
1768669050, 1928.04, 566843.07, 294
1768669350, 1913.36, 562529.29, 294
1768669650, 1921.48, 564916.49, 294
1768669950, 1904.87, 560033.19, 294
1768670250, 1918.31, 562064.79, 293
1768670550, 1931.38, 567825.21, 294
1768670850, 1933.25, 568374.33, 294
1768671150, 1929.01, 567129.18, 294
1768671450, 1935.22, 568955.49, 294
1768671750, 1935.41, 569011.67, 294
1768672050, 1926.34, 566345.10, 294
1768672350, 1922.30, 565156.90, 294
1768672650, 1913.52, 564489.69, 295
1768672950, 1891.46, 556088.94, 294
1768673850, 1922.91, 561488.48, 292
1768674150, 1930.89, 567680.82, 294
1768674450, 1925.74, 566166.68, 294
1768674750, 1934.29, 568681.56, 294
1768675050, 1928.49, 565048.81, 293
1768675350, 1934.53, 564883.41, 292
1768675650, 1929.62, 567308.60, 294
1768675950, 1923.76, 561739.02, 292
1768676250, 1921.88, 565032.06, 294
1768676550, 1920.10, 564509.54, 294
1768676850, 1926.07, 566263.61, 294
1768677150, 1923.00, 561515.60, 292
1768677450, 1927.09, 562710.51, 292
1768677750, 1919.26, 566180.66, 295
1768678050, 1932.10, 568038.54, 294
1768678350, 1918.54, 564051.00, 294
1768678650, 1926.78, 562620.80, 292
1768678950, 1926.90, 566509.77, 294
1768679250, 1930.45, 567553.37, 294
1768679550, 1933.08, 564459.13, 292
1768679850, 1931.71, 565989.74, 293
1768680150, 1939.76, 570289.10, 294
1768680450, 1925.27, 562179.93, 292
1768680750, 1918.09, 563917.71, 294
1768681050, 1922.73, 565281.58, 294
1768681350, 1922.88, 561481.65, 292
1768681650, 1923.46, 565498.63, 294
1768681950, 1930.95, 563836.99, 292
1768682250, 1922.86, 557629.37, 290
1768682550, 1938.48, 571851.99, 295
1768682850, 1925.66, 562292.98, 292
1768683150, 1937.19, 569533.52, 294
1768683450, 1937.52, 569631.34, 294
1768683750, 1927.42, 562807.60, 292
1768684050, 1936.67, 569382.04, 294
1768684350, 1924.95, 565936.63, 294
1768684650, 1930.63, 563744.02, 292
1768684950, 1927.02, 564617.63, 293
1768685250, 1934.54, 564885.25, 292
1768685550, 1923.68, 565561.95, 294
1768685850, 1931.02, 567718.43, 294
1768686150, 1922.44, 565197.07, 294
1768686450, 1932.21, 568068.76, 294
1768686750, 1925.88, 558504.08, 290
1768687050, 1928.17, 566881.91, 294
1768687350, 1926.21, 562452.87, 292
1768687650, 1926.41, 564438.13, 293
1768687950, 1928.83, 563218.77, 292
1768688250, 1926.95, 562670.35, 292
1768688550, 1928.91, 563241.70, 292
1768688850, 1927.01, 566541.34, 294
1768689150, 1934.13, 568633.14, 294
1768689450, 1930.65, 567609.67, 294
1768689750, 1932.87, 568263.52, 294
1768690050, 1930.75, 569569.93, 295
1768690350, 1941.18, 570708.01, 294
1768690650, 1924.97, 558241.69, 290
1768690950, 1932.95, 568286.96, 294
1768691250, 1932.29, 568093.69, 294
1768691550, 1925.06, 562117.14, 292
1768691850, 1927.50, 566683.88, 294
1768692150, 1927.56, 566701.68, 294
1768692450, 1927.16, 562730.44, 292
1768692750, 1919.06, 566121.79, 295
1768693050, 1931.00, 563853.16, 292
1768693350, 1916.25, 559546.37, 292
1768693650, 1932.78, 568237.13, 294
1768693950, 1919.93, 564459.24, 294
1768694250, 1922.55, 565229.18, 294
1768694550, 1922.23, 561291.30, 292
1768694850, 1927.79, 566771.53, 294
1768695150, 1925.77, 560398.14, 291
1768695450, 1927.01, 566540.95, 294
1768695750, 1928.67, 567028.58, 294
1768696050, 1919.37, 556617.77, 290
1768696350, 1922.52, 561376.79, 292
1768696650, 1915.38, 563121.43, 294
1768696950, 1920.98, 560927.52, 292
1768697250, 1917.55, 563759.96, 294
1768697550, 1917.76, 559984.70, 292
1768697850, 1915.02, 563015.70, 294
1768698150, 1915.82, 559420.53, 292
1768698450, 1909.59, 563330.47, 295
1768698750, 1921.14, 564813.92, 294
1768699050, 1914.80, 559120.58, 292
1768699350, 1923.99, 561803.96, 292
1768699650, 1924.64, 565844.20, 294
1768699950, 1910.94, 561817.63, 294
1768700250, 1921.27, 561012.15, 292
1768700550, 1914.03, 558897.74, 292
1768700850, 1915.86, 563263.83, 294
1768701150, 1909.60, 561420.97, 294
1768701450, 1921.81, 566934.03, 295
1768701750, 1905.68, 556459.64, 292
1768702050, 1917.20, 563657.74, 294
1768702350, 1915.68, 563211.30, 294
1768702650, 1925.91, 562364.30, 292
1768702950, 1915.90, 563275.50, 294
1768703250, 1916.33, 563399.99, 294
1768703550, 1921.52, 564926.43, 294
1768703850, 1908.98, 561238.96, 294
1768704150, 1914.75, 564850.34, 295
1768704450, 1908.02, 557142.24, 292
1768704750, 1918.42, 560178.02, 292
1768705050, 1923.02, 565368.15, 294
1768705350, 1925.78, 562328.29, 292
1768705650, 1918.65, 564082.61, 294
1768705950, 1922.13, 565104.96, 294
1768706250, 1913.29, 558681.90, 292
1768706550, 1911.74, 556316.09, 291
1768706850, 1920.44, 560769.62, 292
1768707150, 1912.89, 562388.31, 294
1768707450, 1922.76, 565290.91, 294
1768707750, 1920.92, 564749.14, 294
1768708050, 1930.40, 569468.49, 295
1768708350, 1918.99, 564181.89, 294
1768708650, 1926.98, 566533.37, 294
1768708950, 1917.95, 563877.93, 294
1768709250, 1927.02, 562688.71, 292
1768709550, 1923.94, 565637.16, 294
1768709850, 1936.18, 569237.15, 294
1768710150, 1922.03, 565077.87, 294
1768710450, 1931.61, 565962.46, 293
1768710750, 1927.52, 566690.48, 294
1768711050, 1935.42, 565143.68, 292
1768711350, 1934.18, 564781.07, 292
1768711650, 1924.24, 565726.92, 294
1768711950, 1930.28, 559780.27, 290
1768712250, 1926.97, 566529.82, 294
1768712550, 1935.26, 568967.37, 294
1768712850, 1926.35, 566346.87, 294
1768713150, 1926.49, 566387.93, 294
1768713450, 1924.10, 565684.57, 294
1768713750, 1927.89, 559088.16, 290
1768714050, 1926.86, 568423.93, 295
1768714350, 1933.78, 568531.45, 294
1768714650, 1920.59, 555051.41, 289
1768714950, 1931.96, 567996.75, 294
1768715250, 1932.49, 566219.81, 293
1768715550, 1924.45, 565788.58, 294
1768715850, 1925.05, 565963.61, 294
1768716150, 1920.62, 553137.35, 288
1768716450, 1927.01, 568468.89, 295
1768716750, 1916.40, 563421.05, 294
1768717050, 1925.17, 562150.02, 292
1768717350, 1921.58, 561100.51, 292
1768717650, 1929.69, 563469.38, 292
1768717950, 1925.07, 556344.73, 289
1768718250, 1930.72, 567631.40, 294
1768718550, 1921.10, 560959.85, 292
1768718850, 1927.68, 566737.10, 294
1768719150, 1925.07, 565971.06, 294
1768719450, 1922.66, 565261.13, 294
1768719750, 1924.46, 561943.03, 292
1768720050, 1925.28, 566031.50, 294
1768720350, 1925.41, 562218.63, 292
1768720650, 1918.72, 566022.29, 295
1768720950, 1923.60, 561691.73, 292
1768721250, 1918.05, 563905.39, 294
1768721550, 1927.67, 566735.33, 294
1768721850, 1918.65, 550652.75, 287
1768722150, 1920.34, 556897.34, 290
1768722450, 1915.96, 559460.84, 292
1768722750, 1923.91, 565630.77, 294
1768723050, 1920.60, 564655.37, 294
1768723350, 1911.58, 558180.98, 292
1768723650, 1923.19, 565419.27, 294
1768723950, 1910.90, 554159.58, 290
1768724250, 1923.60, 561692.40, 292
1768724550, 1915.78, 563240.19, 294
1768724850, 1924.84, 567826.60, 295
1768725150, 1914.60, 559062.35, 292
1768725450, 1928.65, 567021.99, 294
1768725750, 1919.31, 560438.15, 292
1768726050, 1922.29, 565153.50, 294
1768726350, 1916.72, 563515.08, 294
1768726650, 1924.57, 565823.75, 294
1768726950, 1923.08, 565386.02, 294
1768727250, 1915.58, 559350.12, 292
1768727550, 1921.99, 557377.24, 290
1768727850, 1915.39, 561208.73, 293
1768728150, 1919.72, 564396.62, 294
1768728450, 1916.50, 563449.67, 294
1768728750, 1918.42, 560179.46, 292
1768729050, 1913.75, 558815.95, 292
1768729350, 1915.97, 559462.02, 292
1768729650, 1912.07, 558325.50, 292
1768729950, 1919.72, 564398.85, 294
1768730250, 1898.75, 554433.57, 292
1768730550, 1911.66, 560117.55, 293
1768730850, 1912.65, 556580.32, 291
1768731150, 1924.18, 565710.19, 294
1768731450, 1922.57, 561389.75, 292
1768731750, 1912.17, 562177.92, 294
1768732050, 1916.09, 563329.70, 294
1768732350, 1909.75, 561467.38, 294
1768732650, 1914.86, 562968.15, 294
1768732950, 1906.27, 560444.15, 294
1768733250, 1913.55, 558757.97, 292
1768733550, 1905.52, 558316.13, 293
1768733850, 1913.64, 562610.35, 294
1768734150, 1909.58, 557598.15, 292
1768734450, 1924.07, 561828.50, 292
1768734750, 1923.99, 565654.03, 294
1768735050, 1914.53, 562871.06, 294
1768735350, 1920.88, 560896.44, 292
1768735650, 1917.33, 563693.60, 294
1768735950, 1912.76, 552788.42, 289
1768736250, 1911.69, 562037.91, 294
1768736550, 1920.85, 564728.52, 294
1768736850, 1912.34, 562228.12, 294
1768737150, 1919.23, 564254.74, 294
1768737450, 1913.93, 560780.45, 293
1768737750, 1915.37, 557372.76, 291
1768738050, 1914.40, 562833.55, 294
1768738350, 1916.01, 563307.09, 294
1768738650, 1916.82, 563545.60, 294
1768738950, 1905.72, 562187.68, 295
1768739250, 1920.80, 560874.06, 292
1768739550, 1912.20, 562187.72, 294
1768739850, 1918.87, 564147.31, 294
1768740150, 1905.37, 552556.45, 290
1768740450, 1921.17, 560980.31, 292
1768740750, 1910.30, 557808.13, 292
1768741050, 1915.99, 563302.28, 294
1768741350, 1909.24, 557498.09, 292
1768741650, 1913.96, 558875.07, 292
1768741950, 1911.56, 561998.95, 294
1768742250, 1915.90, 559442.09, 292
1768742550, 1923.12, 565397.20, 294
1768742850, 1907.83, 562811.14, 295
1768743150, 1916.08, 563326.76, 294
1768743450, 1909.38, 561356.47, 294
1768743750, 1918.51, 564043.10, 294
1768744050, 1916.05, 559486.89, 292
1768744350, 1920.76, 560861.62, 292
1768744650, 1908.77, 545909.57, 286
1768744950, 1919.35, 564287.45, 294
1768745250, 1915.68, 559378.55, 292
1768745550, 1926.85, 566495.02, 294
1768745850, 1914.42, 562840.17, 294
1768746150, 1917.10, 565544.77, 295
1768746450, 1914.98, 563003.91, 294
1768746750, 1927.35, 566641.72, 294
1768747050, 1923.64, 561702.66, 292
1768747350, 1913.18, 562475.22, 294
1768747650, 1918.66, 564087.38, 294
1768747950, 1914.39, 562830.54, 294
1768748250, 1925.96, 562379.82, 292
1768748550, 1919.17, 564235.47, 294
1768748850, 1924.55, 567740.86, 295
1768749150, 1911.47, 561973.31, 294
1768749450, 1921.95, 565052.09, 294
1768749750, 1921.21, 564836.79, 294
1768750050, 1925.06, 562116.19, 292
1768750350, 1921.94, 561206.15, 292
1768750650, 1926.07, 566264.13, 294
1768750950, 1925.28, 566033.27, 294
1768751250, 1915.90, 561358.27, 293
1768751550, 1926.72, 566454.41, 294
1768751850, 1915.27, 557344.39, 291
1768752150, 1927.44, 562811.51, 292
1768752450, 1920.77, 564706.42, 294
1768752750, 1933.49, 568446.71, 294
1768753050, 1923.17, 565413.10, 294
1768753350, 1935.92, 565287.93, 292
1768753650, 1921.17, 560981.19, 292
1768753950, 1927.94, 564887.59, 293
1768754250, 1928.67, 563172.59, 292
1768754550, 1934.04, 564741.12, 292
1768754850, 1930.59, 567594.89, 294
1768755150, 1926.36, 562495.92, 292
1768755450, 1933.95, 568581.67, 294
1768755750, 1929.31, 567217.90, 294
1768756050, 1940.43, 570487.78, 294
1768756350, 1928.82, 563216.61, 292
1768756650, 1934.50, 570678.02, 295
1768756950, 1928.70, 563180.89, 292
1768757250, 1934.00, 560860.56, 290
1768757550, 1930.86, 563809.94, 292
1768757850, 1937.94, 569754.92, 294
1768758150, 1924.50, 565803.51, 294
1768758450, 1936.46, 569319.83, 294
1768758750, 1932.61, 564321.62, 292
1768759050, 1924.61, 563911.96, 293
1768759350, 1928.22, 566896.53, 294
1768759650, 1929.21, 567188.96, 294
1768759950, 1932.89, 568269.75, 294
1768760250, 1927.57, 566705.06, 294
1768760550, 1935.21, 568952.29, 294
1768760850, 1932.90, 568273.19, 294
1768761150, 1930.93, 567692.38, 294
1768761450, 1935.90, 561409.58, 290
1768761750, 1938.56, 571875.88, 295
1768762050, 1932.76, 564367.13, 292
1768762350, 1939.40, 570182.73, 294
1768762650, 1935.03, 568899.17, 294
1768762950, 1930.97, 559981.44, 290
1768763250, 1936.30, 569271.91, 294
1768763550, 1932.62, 568189.55, 294
1768763850, 1937.70, 561933.70, 290
1768764150, 1933.75, 564656.26, 292
1768764450, 1943.29, 571327.95, 294
1768764750, 1933.36, 560673.07, 290
1768765050, 1943.70, 567560.52, 292
1768765350, 1936.04, 569195.57, 294
1768765650, 1936.40, 567364.84, 293
1768765950, 1930.97, 567704.87, 294
1768766250, 1939.36, 560474.22, 289
1768766550, 1942.66, 571140.58, 294
1768766850, 1929.84, 563514.11, 292
1768767150, 1941.34, 568814.05, 293
1768767450, 1931.88, 560246.47, 290
1768767750, 1940.24, 566549.04, 292
1768768050, 1928.84, 563222.55, 292
1768768350, 1941.90, 570918.26, 294
1768768650, 1937.55, 569639.83, 294
1768768950, 1941.94, 563163.12, 290
1768769250, 1935.79, 569121.35, 294
1768769550, 1935.33, 565114.95, 292
1768769850, 1933.73, 568516.67, 294
1768770150, 1936.10, 565341.43, 292
1768770450, 1933.70, 568509.25, 294
1768770750, 1929.71, 567334.00, 294
1768771050, 1937.34, 557952.65, 288
1768771350, 1936.39, 567362.50, 293
1768771650, 1940.40, 566597.22, 292
1768771950, 1937.26, 569555.21, 294
1768772250, 1946.72, 572336.66, 294
1768772550, 1941.31, 570744.32, 294
1768772850, 1943.29, 567440.95, 292
1768773150, 1935.27, 561229.15, 290
1768773450, 1943.07, 563491.00, 290
1768773750, 1935.84, 565264.52, 292
1768774050, 1942.84, 571193.53, 294
1768774350, 1940.76, 566701.33, 292
1768774650, 1935.93, 561418.72, 290
1768774950, 1939.30, 566276.91, 292
1768775250, 1932.69, 568211.24, 294
1768775550, 1939.41, 568247.58, 293
1768775850, 1935.29, 568974.23, 294
1768776150, 1942.89, 571209.19, 294
1768776450, 1935.71, 569097.36, 294
1768776750, 1941.50, 570802.04, 294
1768777050, 1933.06, 564454.66, 292
1768777350, 1935.97, 565304.41, 292
1768777650, 1930.60, 563734.84, 292
1768777950, 1941.11, 570685.10, 294
1768778250, 1934.59, 568768.09, 294
1768778550, 1937.04, 559804.31, 289
1768778850, 1936.80, 565545.38, 292
1768779150, 1926.04, 562404.55, 292
1768779450, 1939.02, 570072.79, 294
1768779750, 1930.48, 567561.62, 294
1768780050, 1938.72, 571921.89, 295
1768780350, 1933.97, 568587.47, 294
1768780650, 1940.36, 570466.48, 294
1768780950, 1928.38, 566944.75, 294
1768781250, 1941.06, 570672.83, 294
1768781550, 1928.75, 563194.84, 292
1768781850, 1934.74, 561073.94, 290
1768782150, 1928.26, 559194.19, 290
1768782450, 1938.68, 569972.65, 294
1768782750, 1943.67, 567550.24, 292
1768783050, 1933.46, 568437.42, 294
1768783350, 1943.32, 571335.11, 294
1768783650, 1932.14, 568049.19, 294
1768783950, 1933.45, 564566.12, 292
1768784250, 1933.43, 560694.56, 290
1768784550, 1938.50, 569919.86, 294
1768784850, 1936.92, 571390.28, 295
1768785150, 1941.40, 563005.11, 290
1768785450, 1937.56, 561892.36, 290
1768785750, 1948.56, 572876.87, 294
1768786050, 1935.10, 568918.70, 294
1768786350, 1945.22, 571895.24, 294
1768786650, 1946.80, 572358.92, 294
1768786950, 1931.44, 563981.38, 292
1768787250, 1935.18, 565073.30, 292
1768787550, 1933.18, 570286.73, 295
1768787850, 1942.20, 571008.20, 294
1768788150, 1935.66, 565213.75, 292
1768788450, 1931.44, 567842.80, 294
1768788750, 1930.87, 563813.00, 292
1768789050, 1939.50, 566334.91, 292
1768789350, 1932.65, 560468.20, 290
1768789650, 1938.67, 569969.46, 294
1768789950, 1931.43, 567841.10, 294
1768790250, 1937.00, 569478.16, 294
1768790550, 1925.47, 568012.55, 295
1768790850, 1934.09, 564753.43, 292
1768791150, 1930.26, 567497.03, 294
1768791450, 1923.43, 555869.96, 289
1768791750, 1931.70, 564054.99, 292
1768792050, 1924.16, 556081.07, 289
1768792350, 1932.89, 564402.48, 292
1768792650, 1937.09, 571441.62, 295
1768792950, 1938.26, 569847.28, 294
1768793250, 1935.92, 569160.73, 294
1768793550, 1948.42, 568937.69, 292
1768793850, 1936.88, 569443.70, 294
1768794150, 1939.75, 570285.17, 294
1768794450, 1938.97, 570058.52, 294
1768794750, 1925.26, 566026.26, 294
1768795050, 1927.29, 566622.13, 294
1768795350, 1923.14, 567326.84, 295
1768795650, 1937.42, 569601.06, 294
1768795950, 1937.89, 569738.93, 294
1768796250, 1946.29, 572210.55, 294
1768796550, 1930.46, 567555.19, 294
1768796850, 1943.81, 561762.17, 289
1768797150, 1938.51, 569921.23, 294
1768797450, 1937.97, 565887.16, 292
1768797750, 1930.14, 567461.73, 294
1768798050, 1935.53, 569044.87, 294
1768798350, 1939.46, 570202.29, 294
1768798650, 1928.62, 563155.74, 292
1768798950, 1940.01, 570364.03, 294
1768799250, 1923.15, 561560.56, 292
1768799550, 1937.27, 567621.20, 293
1768799850, 1926.77, 562616.37, 292
1768800150, 1935.15, 565064.99, 292
1768800450, 1923.89, 565624.48, 294
1768800750, 1920.82, 560878.37, 292
1768801050, 1916.13, 555678.42, 290
1768801350, 1930.59, 567592.72, 294
1768801650, 1925.49, 566095.31, 294
1768801950, 1936.73, 565524.53, 292
1768802250, 1939.43, 566312.91, 292
1768802550, 1937.15, 571460.18, 295
1768802850, 1942.46, 567196.90, 292
1768803150, 1928.01, 559122.40, 290
1768803450, 1940.36, 566584.73, 292
1768803750, 1938.96, 566177.40, 292
1768804050, 1941.00, 570654.94, 294
1768804350, 1939.55, 570228.18, 294
1768804650, 1940.39, 570474.99, 294
1768804950, 1933.46, 564570.01, 292
1768805250, 1940.69, 566682.92, 292
1768805550, 1932.70, 568213.90, 294
1768805850, 1944.24, 567716.94, 292
1768806150, 1945.11, 564083.18, 290
1768806450, 1942.20, 571007.68, 294
1768806750, 1945.45, 571961.04, 294
1768807050, 1940.95, 570639.93, 294
1768807350, 1949.03, 571064.95, 293
1768807650, 1941.32, 566866.59, 292
1768807950, 1945.89, 568199.83, 292
1768808250, 1933.21, 562563.91, 291
1768808550, 1950.01, 573304.31, 294
1768808850, 1937.98, 569764.65, 294
1768809150, 1945.62, 572011.77, 294
1768809450, 1943.04, 565424.58, 291
1768809750, 1942.55, 571109.61, 294
1768810050, 1943.64, 571430.29, 294
1768810350, 1946.04, 568244.82, 292
1768810650, 1952.67, 574083.91, 294
1768810950, 1947.93, 572692.47, 294
1768811250, 1947.09, 564655.09, 290
1768811550, 1939.81, 572245.10, 295
1768811850, 1945.75, 572050.93, 294
1768812150, 1945.37, 568049.41, 292
1768812450, 1951.83, 573839.38, 294
1768812750, 1940.29, 570446.43, 294
1768813050, 1939.91, 570334.01, 294
1768813350, 1936.91, 565578.60, 292
1768813650, 1943.64, 567543.40, 292
1768813950, 1950.76, 573522.02, 294
1768814250, 1941.58, 572766.28, 295
1768814550, 1941.99, 567059.75, 292
1768814850, 1933.77, 568527.51, 294
1768815150, 1946.90, 572387.58, 294
1768815450, 1939.91, 570334.88, 294
1768815750, 1938.82, 570013.74, 294
1768816050, 1929.22, 567191.67, 294
1768816350, 1929.07, 567146.06, 294
1768816650, 1923.77, 561740.00, 292
1768816950, 1920.95, 562838.73, 293
1768817250, 1907.46, 560792.76, 294
1768817550, 1917.95, 563877.40, 294
1768817850, 1905.99, 556549.91, 292
1768818150, 1896.48, 557565.83, 294
1768819350, 1904.02, 559780.42, 294
1768819650, 1901.28, 551371.75, 290
1768821150, 1602.15, 471033.55, 294
1768824450, 1935.72, 565229.07, 292
1768824750, 1936.77, 569410.84, 294
1768825050, 1932.32, 564238.69, 292
1768825350, 1933.36, 570342.26, 295
1768825650, 1929.28, 567208.11, 294
1768825950, 1934.23, 564795.36, 292
1768826250, 1928.34, 553434.14, 287
1768826550, 1927.54, 566695.89, 294
1768826850, 1931.94, 567989.42, 294
1768827150, 1931.04, 567725.89, 294
1768827450, 1935.12, 568925.71, 294
1768827750, 1932.42, 570062.45, 295
1768828050, 1935.80, 561382.62, 290
1768828350, 1922.86, 561474.98, 292
1768828650, 1938.74, 569988.12, 294
1768828950, 1924.10, 565685.66, 294
1768829250, 1926.80, 562626.55, 292
1768829550, 1921.86, 561183.66, 292
1768829850, 1918.54, 560213.00, 292
1768830150, 1917.08, 563622.98, 294
1768830450, 1930.51, 567570.84, 294
1768830750, 1937.64, 571603.86, 295
1768831050, 1933.85, 564684.01, 292
1768831350, 1941.34, 570753.03, 294
1768831650, 1937.57, 569645.76, 294
1768831950, 1944.16, 571582.98, 294
1768832250, 1935.58, 565188.17, 292
1768832550, 1947.79, 572651.38, 294
1768832850, 1939.50, 570212.91, 294
1768833150, 1947.44, 568653.34, 292
1768833450, 1944.10, 567677.27, 292
1768833750, 1945.11, 567972.63, 292
1768834050, 1940.31, 570452.32, 294
1768834350, 1925.01, 565954.16, 294
1768834650, 1937.73, 565816.15, 292
1768834950, 1930.92, 567689.62, 294
1768835250, 1940.48, 572441.10, 295
1768835550, 1934.64, 568783.12, 294
1768835850, 1947.08, 572441.99, 294
1768836150, 1943.68, 571442.12, 294
1768836450, 1951.11, 573626.34, 294
1768836750, 1944.81, 571774.29, 294
1768837050, 1957.84, 575605.38, 294
1768837350, 1950.64, 573488.05, 294
1768837650, 1958.07, 577632.01, 295
1768837950, 1947.81, 566814.15, 291
1768838250, 1963.84, 577370.42, 294
1768838550, 1961.79, 576765.80, 294
1768838850, 1960.53, 576396.78, 294
1768839150, 1962.35, 576932.36, 294
1768839450, 1957.42, 575481.20, 294
1768839750, 1964.75, 577636.10, 294
1768840050, 1962.65, 577020.37, 294
1768840350, 1970.13, 581187.25, 295
1768840650, 1955.51, 574919.29, 294
1768840950, 1963.49, 577264.62, 294
1768841250, 1957.52, 575512.01, 294
1768841550, 1969.83, 575190.77, 292
1768841850, 1968.40, 578709.93, 294
1768842150, 1968.88, 570974.48, 290
1768842450, 1968.36, 578698.86, 294
1768842750, 1956.97, 577304.72, 295
1768843050, 1968.92, 578861.43, 294
1768843350, 1953.48, 570415.57, 292
1768843650, 1963.75, 577341.48, 294
1768843950, 1967.42, 578422.67, 294
1768844250, 1970.67, 575435.49, 292
1768844550, 1950.98, 567735.28, 291
1768844850, 1963.03, 577131.49, 294
1768845150, 1961.53, 572767.61, 292
1768845450, 1966.98, 578291.38, 294
1768845750, 1969.66, 581049.74, 295
1768846050, 1970.39, 575354.17, 292
1768846350, 1969.55, 575109.73, 292
1768846650, 1957.82, 575599.13, 294
1768846950, 1963.48, 573336.30, 292
1768847250, 1960.31, 576330.60, 294
1768847550, 1965.68, 573979.11, 292
1768847850, 1954.11, 570600.38, 292
1768848150, 1963.04, 579098.03, 295
1768848450, 1949.22, 569172.15, 292
1768848750, 1960.80, 576474.44, 294
1768849050, 1958.59, 571906.95, 292
1768849350, 1957.53, 571597.39, 292
1768849650, 1952.07, 570003.11, 292
1768849950, 1961.38, 576644.80, 294
1768850250, 1957.81, 577552.80, 295
1768850550, 1951.48, 569832.06, 292
1768850850, 1954.62, 574658.94, 294
1768851150, 1948.57, 572880.04, 294
1768851450, 1956.58, 571321.92, 292
1768851750, 1948.94, 572988.90, 294
1768852050, 1953.62, 574365.59, 294
1768852350, 1944.55, 571698.24, 294
1768852650, 1954.11, 576461.83, 295
1768852950, 1942.04, 567075.30, 292
1768853250, 1948.80, 565153.26, 290
1768853550, 1946.14, 574111.46, 295
1768853850, 1959.31, 572119.15, 292
1768854150, 1961.64, 576721.35, 294
1768854450, 1957.43, 571568.21, 292
1768854750, 1967.47, 578436.39, 294
1768855050, 1953.52, 574335.72, 294
1768855350, 1958.92, 572006.08, 292
1768855650, 1950.74, 569617.16, 292
1768855950, 1960.05, 578215.81, 295
1768856250, 1947.71, 572626.45, 294
1768856550, 1957.70, 571647.61, 292
1768856850, 1956.21, 575127.19, 294
1768857150, 1955.48, 574910.53, 294
1768857450, 1951.58, 569861.81, 292
1768857750, 1947.58, 572587.61, 294
1768858050, 1949.47, 573142.97, 294
1768858350, 1939.30, 570155.17, 294
1768858650, 1948.35, 572815.82, 294
1768858950, 1928.07, 566851.68, 294
1768859250, 1933.06, 566385.34, 293
1768859550, 1910.84, 561785.55, 294
1768859850, 1901.84, 555338.55, 292
1768860150, 1896.29, 557510.58, 294
1768860450, 1894.97, 553330.61, 292
1768860750, 1873.75, 543388.50, 290
1768861050, 1880.53, 552874.69, 294
1768861350, 1867.69, 549101.49, 294
1768861650, 1878.47, 554147.99, 295
1768861950, 1867.78, 549128.09, 294
1768862250, 1883.04, 546081.40, 290
1768862550, 1892.02, 556253.77, 294
1768862850, 1875.32, 547592.93, 292
1768863150, 1879.31, 552517.91, 294
1768863450, 1863.34, 544094.15, 292
1768863750, 1854.59, 541539.55, 292
1768864050, 1844.33, 542232.50, 294
1768864350, 1836.48, 536251.20, 292
1768864650, 1821.39, 531845.48, 292
1768864950, 1821.91, 531996.85, 292
1768865250, 1822.67, 532219.97, 292
1768865550, 1822.73, 532236.08, 292
1768865850, 1815.77, 533837.09, 294
1768866150, 1807.61, 527823.48, 292
1768866450, 1806.75, 529378.10, 293
1768866750, 1795.24, 527800.15, 294
1768867050, 1791.00, 522971.43, 292
1768867350, 1787.90, 525643.40, 294
1768867650, 1786.05, 519739.69, 291
1768867950, 1778.33, 522828.43, 294
1768868250, 1781.27, 523692.11, 294
1768868550, 1773.89, 521525.04, 294
1768868850, 1769.00, 520085.12, 294
1768869150, 1761.81, 517972.59, 294
1768869450, 1772.23, 517490.50, 292
1768869750, 1760.71, 508844.94, 289
1768870050, 1762.18, 514555.43, 292
1768870350, 1770.17, 516891.01, 292
1768870650, 1760.83, 517684.82, 294
1768870950, 1769.95, 520365.86, 294
1768871250, 1754.74, 515894.78, 294
1768871550, 1764.35, 520484.15, 295
1768871850, 1754.66, 512359.97, 292
1768872150, 1770.23, 520448.95, 294
1768872450, 1765.42, 519032.24, 294
1768872750, 1769.25, 520159.28, 294
1768873050, 1763.49, 514939.14, 292
1768873350, 1771.90, 520938.70, 294
1768873650, 1759.42, 511990.44, 291
1768873950, 1768.48, 519933.21, 294
1768874250, 1774.67, 521752.62, 294
1768874550, 1774.92, 518276.21, 292
1768874850, 1781.16, 520100.01, 292
1768875150, 1768.14, 518064.38, 293
1768875450, 1780.33, 523417.46, 294
1768875750, 1778.64, 519362.93, 292
1768876050, 1776.31, 522234.12, 294
1768876350, 1777.50, 522584.07, 294
1768876650, 1782.25, 520417.06, 292
1768876950, 1780.15, 523364.34, 294
1768877250, 1788.53, 525827.67, 294
1768877550, 1789.89, 526227.42, 294
1768877850, 1779.06, 517706.25, 291
1768878150, 1789.97, 524460.81, 293
1768878450, 1779.67, 523223.50, 294
1768878750, 1793.05, 527157.82, 294
1768879050, 1789.13, 526005.12, 294
1768879350, 1792.84, 523510.20, 292
1768879650, 1794.39, 527551.19, 294
1768879950, 1795.98, 528017.38, 294
1768880250, 1796.42, 520962.83, 290
1768880550, 1805.14, 527099.82, 292
1768880850, 1800.19, 531054.99, 295
1768881150, 1806.87, 518571.85, 287
1768881450, 1804.33, 526863.58, 292
1768881750, 1807.82, 531500.10, 294
1768882050, 1808.50, 531699.81, 294
1768882350, 1802.03, 529795.70, 294
1768882650, 1811.85, 527249.34, 291
1768882950, 1814.57, 529853.43, 292
1768883250, 1815.12, 530015.66, 292
1768883550, 1816.40, 534021.87, 294
1768883850, 1819.32, 534881.40, 294
1768884150, 1816.56, 535884.92, 295
1768884450, 1824.56, 536421.70, 294
1768884750, 1816.94, 526912.82, 290
1768885050, 1819.28, 531230.37, 292
1768885350, 1819.16, 534833.76, 294
1768885650, 1827.49, 537282.57, 294
1768885950, 1819.74, 531364.05, 292
1768886250, 1816.64, 530458.66, 292
1768886550, 1827.80, 539200.28, 295
1768886850, 1825.87, 533153.96, 292
1768887150, 1825.18, 532951.25, 292
1768887450, 1825.84, 536797.42, 294
1768887750, 1831.21, 534711.99, 292
1768888050, 1835.90, 539755.89, 294
1768888350, 1838.51, 536845.32, 292
1768888650, 1828.98, 534061.43, 292
1768888950, 1838.11, 540405.16, 294
1768889250, 1833.01, 540739.10, 295
1768889550, 1830.59, 538193.71, 294
1768889850, 1840.73, 535652.06, 291
1768890150, 1834.46, 539332.46, 294
1768890450, 1836.31, 541711.83, 295
1768890750, 1828.54, 528447.67, 289
1768891050, 1834.93, 535798.70, 292
1768891350, 1832.19, 534999.36, 292
1768891650, 1838.57, 540539.06, 294
1768891950, 1838.40, 540488.85, 294
1768892250, 1831.16, 534699.14, 292
1768892550, 1833.11, 538934.29, 294
1768892850, 1838.58, 540542.74, 294
1768893150, 1832.14, 540482.24, 295
1768893450, 1842.69, 538066.60, 292
1768893750, 1846.27, 539111.77, 292
1768894050, 1831.71, 538523.23, 294
1768894350, 1838.78, 533247.09, 290
1768894650, 1831.04, 538325.27, 294
1768894950, 1836.91, 540050.56, 294
1768895250, 1825.63, 536735.01, 294
1768895550, 1838.85, 536944.71, 292
1768895850, 1833.21, 537131.87, 293
1768896150, 1839.58, 540835.35, 294
1768896450, 1836.25, 539856.11, 294
1768896750, 1843.56, 538318.80, 292
1768897050, 1834.36, 539303.15, 294
1768897350, 1845.42, 538863.53, 292
1768897650, 1844.45, 542267.75, 294
1768897950, 1837.30, 536491.96, 292
1768898250, 1851.05, 546059.30, 295
1768898550, 1848.13, 543350.07, 294
1768898850, 1847.78, 539552.27, 292
1768899150, 1842.47, 538002.68, 292
1768899450, 1848.60, 543488.27, 294
1768899750, 1839.08, 537012.68, 292
1768900050, 1842.76, 541771.74, 294
1768900350, 1833.67, 539099.65, 294
1768900650, 1839.45, 537119.57, 292
1768900950, 1835.16, 539537.94, 294
1768901250, 1845.25, 542504.38, 294
1768901550, 1844.13, 538486.09, 292
1768901850, 1834.34, 539296.10, 294
1768902150, 1844.61, 538625.15, 292
1768902450, 1828.48, 530260.34, 290
1768902750, 1843.02, 538161.44, 292
1768903050, 1836.45, 539915.16, 294
1768906650, 1845.06, 538756.44, 292
1768906950, 1843.87, 542097.92, 294
1768907250, 1828.92, 537703.56, 294
1768907550, 1835.07, 539509.64, 294
1768907850, 1824.98, 527420.38, 289
1768908150, 1833.74, 539118.87, 294
1768908450, 1824.78, 527362.31, 289
1768908750, 1831.20, 538374.04, 294
1768909050, 1827.33, 537235.28, 294
1768909350, 1834.94, 539472.59, 294
1768909650, 1828.04, 533787.62, 292
1768909950, 1836.19, 539840.44, 294
1768910250, 1829.24, 539626.86, 295
1768910550, 1836.76, 540008.57, 294
1768910850, 1833.42, 535360.02, 292
1768911150, 1832.15, 538651.50, 294
1768911450, 1842.21, 537925.96, 292
1768911750, 1826.50, 536991.32, 294
1768912050, 1836.72, 541831.82, 295
1768912350, 1831.22, 531053.41, 290
1768912650, 1841.39, 537684.71, 292
1768912950, 1837.71, 536612.25, 292
1768913250, 1838.92, 540643.29, 294
1768913550, 1832.91, 538876.92, 294
1768913850, 1834.10, 539224.13, 294
1768914150, 1831.87, 540401.87, 295
1768914450, 1835.44, 539618.98, 294
1768914750, 1838.60, 540547.60, 294
1768915050, 1834.21, 535590.63, 292
1768915350, 1844.47, 538585.33, 292
1768915650, 1830.59, 538192.82, 294
1768915950, 1838.27, 542290.16, 295
1768916250, 1827.88, 528258.66, 289
1768916550, 1844.02, 542141.38, 294
1768916850, 1838.58, 542380.07, 295
1768917150, 1841.74, 541471.06, 294
1768917450, 1838.84, 536942.31, 292
1768917750, 1833.58, 539071.94, 294
1768918050, 1828.20, 537491.32, 294
1768918350, 1828.19, 533830.58, 292
1768918650, 1834.70, 539403.01, 294
1768918950, 1828.94, 539538.36, 295
1768919250, 1827.00, 531655.89, 291
1768919550, 1820.30, 535167.26, 294
1768919850, 1830.66, 540045.18, 295
1768920150, 1821.94, 535649.65, 294
1768920450, 1824.90, 536520.51, 294
1768920750, 1817.38, 527040.26, 290
1768921050, 1813.08, 529420.23, 292
1768921350, 1808.36, 531658.36, 294
1768921650, 1820.16, 531486.06, 292
1768921950, 1800.02, 529206.66, 294
1768922250, 1810.18, 532194.04, 294
1768922550, 1812.15, 532771.03, 294
1768922850, 1802.96, 524662.02, 291
1768923150, 1804.38, 530487.81, 294
1768923450, 1799.96, 521988.10, 290
1768923750, 1814.97, 533601.90, 294
1768924050, 1811.46, 532570.58, 294
1768924350, 1819.89, 531406.48, 292
1768924650, 1805.11, 530701.26, 294
1768924950, 1810.05, 532154.01, 294
1768925250, 1800.84, 524045.32, 291
1768925550, 1812.51, 532878.62, 294
1768925850, 1811.02, 532440.42, 294
1768926150, 1827.00, 537138.73, 294
1768926450, 1831.02, 532827.36, 291
1768926750, 1821.98, 535661.66, 294
1768927050, 1830.40, 528986.50, 289
1768927350, 1820.36, 535186.95, 294
1768927650, 1833.77, 539128.34, 294
1768927950, 1821.41, 535495.61, 294
1768928250, 1821.36, 531837.21, 292
1768928550, 1817.04, 534209.41, 294
1768928850, 1825.88, 529506.18, 290
1768929150, 1818.42, 530978.51, 292
1768929450, 1823.22, 536026.49, 294
1768929750, 1807.48, 531398.72, 294
1768930050, 1823.15, 536007.43, 294
1768930350, 1824.78, 534661.29, 293
1768930650, 1822.61, 532202.87, 292
1768930950, 1825.11, 536582.88, 294
1768931250, 1819.77, 535011.55, 294
1768931550, 1824.63, 536442.56, 294
1768931850, 1812.52, 532880.26, 294
1768932150, 1814.09, 529715.49, 292
1768932450, 1825.34, 536651.35, 294
1768932750, 1833.04, 535248.45, 292
1768933050, 1830.10, 538049.63, 294
1768933350, 1833.93, 541010.02, 295
1768933650, 1818.44, 534622.67, 294
1768933950, 1822.34, 532122.06, 292
1768934250, 1834.05, 539211.48, 294
1768934550, 1834.19, 526411.62, 287
1768934850, 1831.59, 538488.49, 294
1768935150, 1847.28, 543099.00, 294
1768935450, 1851.50, 544340.18, 294
1768935750, 1848.11, 539648.02, 292
1768936050, 1849.63, 532694.26, 288
1768936350, 1845.71, 538945.99, 292
1768936650, 1855.18, 545422.40, 294
1768936950, 1845.39, 542544.72, 294
1768937250, 1855.85, 545621.09, 294
1768937550, 1847.64, 543206.82, 294
1768937850, 1849.51, 540057.45, 292
1768938150, 1851.53, 544349.63, 294
1768938450, 1842.37, 541655.98, 294
1768938750, 1851.76, 535159.95, 289
1768939050, 1851.99, 544485.92, 294
1768939350, 1857.28, 542326.73, 292
1768939650, 1847.47, 541309.53, 293
1768939950, 1852.77, 537303.74, 290
1768940250, 1841.36, 541360.30, 294
1768940550, 1854.07, 541388.38, 292
1768940850, 1844.72, 542347.75, 294
1768941150, 1843.10, 541870.57, 294
1768941450, 1831.25, 538388.92, 294
1768941750, 1829.55, 534228.19, 292
1768942050, 1820.03, 524168.35, 288
1768942350, 1812.76, 531139.78, 293
1768942650, 1817.82, 527168.43, 290
1768942950, 1816.08, 530296.40, 292
1768943250, 1822.45, 535800.42, 294
1768943550, 1824.48, 532748.94, 292
1768943850, 1826.99, 537133.99, 294
1768944150, 1830.50, 538165.89, 294
1768944450, 1830.37, 539958.24, 295
1768944750, 1825.34, 536649.47, 294
1768945050, 1834.65, 539387.13, 294
1768945350, 1824.16, 532653.72, 292
1768945650, 1830.37, 538128.58, 294
1768945950, 1833.46, 539038.12, 294
1768946250, 1826.26, 536921.44, 294
1768946550, 1831.68, 538514.48, 294
1768946850, 1824.68, 536454.57, 294
1768947150, 1828.44, 539389.43, 295
1768947450, 1829.05, 537740.52, 294
1768947750, 1829.93, 534340.06, 292
1768948050, 1823.37, 536071.95, 294
1768948350, 1830.81, 538257.09, 294
1768948650, 1829.02, 537732.32, 294
1768948950, 1830.95, 534636.51, 292
1768949250, 1825.27, 538454.18, 295
1768949550, 1831.64, 538503.53, 294
1768949850, 1815.25, 526423.43, 290
1768950150, 1831.35, 538416.85, 294
1768950450, 1828.26, 537508.40, 294
1768950750, 1826.08, 536868.08, 294
1768951050, 1833.76, 540958.26, 295
1768951350, 1825.36, 533005.61, 292
1768951650, 1829.45, 537857.70, 294
1768951950, 1820.34, 531537.85, 292
1768952250, 1831.40, 538430.94, 294
1768952550, 1822.19, 535723.89, 294
1768952850, 1832.53, 540596.28, 295
1768953150, 1822.03, 532033.53, 292
1768953450, 1821.72, 531943.24, 292
1768953750, 1827.15, 537181.27, 294
1768954050, 1831.00, 534651.67, 292
1768954350, 1826.82, 537085.04, 294
1768954650, 1824.82, 536495.75, 294
1768954950, 1830.26, 538095.24, 294
1768955250, 1817.75, 534419.23, 294
1768955550, 1822.28, 535750.22, 294
1768955850, 1821.38, 535484.38, 294
1768956150, 1829.79, 532467.76, 291
1768956450, 1828.00, 539261.12, 295
1768956750, 1831.35, 534754.11, 292
1768957050, 1822.36, 535774.55, 294
1768957350, 1825.84, 536798.03, 294
1768957650, 1820.33, 535177.81, 294
1768957950, 1825.04, 532911.55, 292
1768958250, 1827.47, 537275.02, 294
1768958550, 1823.32, 536056.73, 294
1768958850, 1830.56, 534522.28, 292
1768959150, 1814.92, 529955.86, 292
1768959450, 1813.29, 531294.42, 293
1768959750, 1805.04, 527070.79, 292
1768960050, 1809.96, 528508.62, 292
1768960350, 1806.02, 527356.66, 292
1768960650, 1813.03, 533030.67, 294
1768960950, 1810.12, 532176.15, 294
1768961250, 1814.37, 529796.14, 292
1768961550, 1813.99, 533313.78, 294
1768961850, 1815.73, 530192.65, 292
1768962150, 1818.85, 534741.86, 294
1768962450, 1814.47, 531638.71, 293
1768962750, 1824.71, 536464.38, 294
1768963050, 1816.61, 534083.89, 294
1768963350, 1824.12, 536289.97, 294
1768963650, 1818.66, 534686.52, 294
1768963950, 1821.17, 531780.68, 292
1768964250, 1814.50, 533462.77, 294
1768964550, 1823.52, 532467.91, 292
1768964850, 1817.49, 534342.06, 294
1768965150, 1827.41, 533602.49, 292
1768965450, 1822.79, 532254.71, 292
1768965750, 1828.26, 533851.77, 292
1768966050, 1821.04, 537207.27, 295
1768966350, 1828.10, 537462.00, 294
1768966650, 1824.09, 532634.81, 292
1768966950, 1821.74, 535592.09, 294
1768967250, 1828.05, 530133.45, 290
1768967550, 1822.13, 528418.81, 290
1768967850, 1825.99, 536842.45, 294
1768968150, 1819.62, 531328.51, 292
1768968450, 1829.65, 537916.04, 294
1768968750, 1819.68, 534986.04, 294
1768969050, 1824.10, 528989.64, 290
1768969350, 1817.03, 530572.15, 292
1768969650, 1826.10, 536872.25, 294
1768969950, 1832.39, 533225.85, 291
1768970250, 1822.16, 535716.47, 294
1768970550, 1839.56, 537152.70, 292
1768970850, 1828.46, 539396.55, 295
1768971150, 1834.20, 539255.19, 294
1768971450, 1827.68, 537337.41, 294
1768971750, 1840.86, 541213.18, 294
1768972050, 1830.02, 534366.76, 292
1768972350, 1832.40, 535061.48, 292
1768972650, 1826.29, 529623.61, 290
1768972950, 1839.73, 540880.00, 294
1768973250, 1829.95, 534344.14, 292
1768973550, 1839.73, 540881.01, 294
1768973850, 1831.98, 540434.07, 295
1768974150, 1834.01, 535531.56, 292
1768974450, 1843.40, 538271.42, 292
1768974750, 1832.12, 534979.73, 292
1768975050, 1836.03, 536119.78, 292
1768975350, 1840.03, 537288.90, 292
1768975650, 1838.30, 540460.32, 294
1768975950, 1836.16, 537994.92, 293
1768976250, 1836.33, 539882.38, 294
1768976550, 1834.55, 535688.87, 292
1768976850, 1847.98, 543305.98, 294
1768977150, 1839.05, 533325.86, 290
1768977450, 1847.92, 539592.96, 292
1768977750, 1846.91, 539297.69, 292
1768978050, 1847.58, 537645.30, 291
1768978350, 1847.32, 544960.38, 295
1768978650, 1840.33, 530014.05, 288
1768978950, 1852.20, 537137.17, 290
1768979250, 1844.94, 542411.17, 294
1768979550, 1855.59, 541833.22, 292
1768979850, 1846.79, 542954.83, 294
1768980150, 1858.61, 546430.12, 294
1768980450, 1854.40, 545194.70, 294
1768980750, 1858.13, 546289.84, 294
1768981050, 1851.42, 544317.18, 294
1768981350, 1860.88, 547097.52, 294
1768981650, 1854.21, 545138.12, 294
1768981950, 1858.12, 548145.50, 295
1768982250, 1860.56, 547004.45, 294
1768982550, 1850.30, 543988.07, 294
1768982850, 1858.57, 542703.37, 292
1768983150, 1853.78, 541303.40, 292
1768983450, 1855.81, 538184.77, 290
1768983750, 1855.18, 545422.02, 294
1768984050, 1853.54, 544940.65, 294
1768984350, 1850.51, 532945.51, 288
1768984650, 1857.51, 546108.82, 294
1768984950, 1848.80, 539848.48, 292
1768985250, 1861.62, 547317.04, 294
1768985550, 1863.84, 547969.62, 294
1768985850, 1851.99, 546335.66, 295
1768986150, 1863.68, 542331.03, 291
1768986450, 1852.80, 544724.26, 294
1768986750, 1858.96, 546535.65, 294
1768987050, 1857.95, 548096.27, 295
1768987350, 1865.44, 544707.73, 292
1768987650, 1854.37, 541476.51, 292
1768987950, 1863.42, 544119.72, 292
1768988250, 1860.82, 543359.94, 292
1768988550, 1868.46, 549327.46, 294
1768988850, 1857.80, 546191.83, 294
1768989150, 1867.31, 545253.73, 292
1768989450, 1847.27, 544943.94, 295
1768989750, 1858.07, 546273.09, 294
1768990050, 1858.51, 535249.56, 288
1768990650, 1831.83, 538558.48, 294
1768990950, 1829.74, 526964.83, 288
1768991250, 1832.73, 535156.78, 292
1768991550, 1845.41, 542551.40, 294
1768991850, 1857.98, 548103.58, 295
1768992150, 1851.55, 544354.96, 294
1768992450, 1861.37, 543520.39, 292
1768992750, 1847.38, 539435.61, 292
1768993050, 1857.70, 546163.02, 294
1768993350, 1846.56, 542889.29, 294
1768993650, 1855.84, 538193.69, 290
1768993950, 1852.45, 540914.24, 292
1768994250, 1853.67, 539418.13, 291
1768994550, 1861.70, 547340.99, 294
1768994850, 1851.91, 535203.39, 289
1768995150, 1866.61, 548782.31, 294
1768995450, 1856.03, 545671.36, 294
1768995750, 1864.38, 548127.79, 294
1768996050, 1857.72, 542452.87, 292
1768996350, 1861.14, 547175.59, 294
1768996650, 1863.71, 549793.00, 295
1768996950, 1875.72, 551461.26, 294
1768997250, 1862.89, 543963.02, 292
1768997550, 1869.20, 549545.53, 294
1768997850, 1878.41, 552253.89, 294
1768998150, 1862.13, 543741.25, 292
1768998450, 1868.61, 547502.76, 293
1768998750, 1854.76, 541590.33, 292
1768999050, 1866.58, 548775.18, 294
1768999350, 1862.78, 543932.60, 292
1768999650, 1870.45, 549912.15, 294
1768999950, 1864.46, 548150.09, 294
1769000250, 1866.72, 545081.57, 292
1769000550, 1863.96, 549867.90, 295
1769000850, 1862.84, 547676.22, 294
1769001150, 1858.98, 546539.79, 294
1769001450, 1862.00, 547426.55, 294
1769001750, 1866.64, 548791.43, 294
1769002050, 1857.38, 546070.96, 294
1769002350, 1867.50, 545309.74, 292
1769002650, 1857.67, 542439.49, 292
1769002950, 1870.67, 546235.02, 292
1769003250, 1869.72, 549698.44, 294
1769003550, 1877.37, 548191.61, 292
1769003850, 1866.63, 539457.40, 289
1769004150, 1869.56, 549649.31, 294
1769004450, 1865.25, 548382.75, 294
1769004750, 1867.72, 549109.92, 294
1769005050, 1866.58, 548773.19, 294
1769005350, 1870.09, 551677.17, 295
1769005650, 1861.39, 547249.01, 294
1769005950, 1872.90, 546885.62, 292
1769006250, 1874.22, 541649.77, 289
1769006550, 1873.20, 550721.59, 294
1769006850, 1878.71, 548582.65, 292
1769007150, 1863.70, 547928.59, 294
1769007450, 1872.45, 550501.33, 294
1769007750, 1859.72, 546757.32, 294
1769008050, 1866.88, 550730.08, 295
1769008350, 1864.93, 548290.01, 294
1769008650, 1869.85, 549735.51, 294
1769008950, 1865.55, 548470.82, 294
1769009250, 1869.84, 545992.09, 292
1769009550, 1866.54, 545030.95, 292
1769009850, 1860.80, 547076.12, 294
1769010150, 1864.56, 544450.24, 292
1769010450, 1858.22, 542599.65, 292
1769010750, 1872.78, 544979.71, 291
1769011050, 1864.11, 548047.27, 294
1769011350, 1862.26, 543778.61, 292
1769011650, 1865.08, 544602.13, 292
1769011950, 1871.30, 546420.16, 292
1769012250, 1863.95, 548001.47, 294
1769012550, 1868.40, 549309.62, 294
1769012850, 1864.85, 544535.53, 292
1769013150, 1869.88, 549743.99, 294
1769013450, 1872.87, 550624.09, 294
1769013750, 1871.41, 542708.95, 290
1769014050, 1869.29, 545833.70, 292
1769014350, 1855.02, 545376.02, 294
1769014650, 1868.14, 539893.40, 289
1769014950, 1859.65, 539299.71, 290
1769015250, 1874.04, 552841.74, 295
1769015550, 1872.35, 550471.66, 294
1769015850, 1874.66, 547401.71, 292
1769016150, 1871.07, 546352.95, 292
1769016450, 1875.64, 551438.33, 294
1769016750, 1871.47, 550211.31, 294
1769017050, 1876.00, 544038.75, 290
1769017350, 1871.28, 546413.65, 292
1769017650, 1867.65, 549087.99, 294
1769017950, 1869.39, 549600.11, 294
1769018250, 1862.73, 545780.76, 293
1769018550, 1867.47, 545302.44, 292
1769018850, 1861.06, 547151.07, 294
1769019150, 1860.23, 545046.30, 293
1769019450, 1857.30, 544188.81, 293
1769019750, 1862.60, 547603.95, 294
1769020050, 1861.34, 547234.55, 294
1769020350, 1864.65, 544477.12, 292
1769020650, 1862.39, 549405.13, 295
1769020950, 1870.98, 550067.06, 294
1769021250, 1866.17, 548655.24, 294
1769021550, 1876.41, 547910.91, 292
1769021850, 1868.51, 549342.76, 294
1769022150, 1866.47, 545008.25, 292
1769022450, 1866.55, 545032.89, 292
1769022750, 1862.43, 543828.19, 292
1769023050, 1869.19, 549540.74, 294
1769023350, 1863.71, 547931.28, 294
1769023650, 1870.09, 549805.95, 294
1769023950, 1862.82, 543944.45, 292
1769024250, 1864.24, 548086.20, 294
1769024550, 1862.59, 549464.67, 295
1769024850, 1859.79, 543058.20, 292
1769025150, 1850.33, 543996.54, 294
1769025450, 1858.71, 546460.43, 294
1769025750, 1851.65, 544384.94, 294
1769026050, 1848.69, 539817.42, 292
1769026350, 1855.43, 538075.16, 290
1769026650, 1850.65, 536687.88, 290
1769026950, 1857.75, 546178.64, 294
1769027250, 1854.18, 543275.55, 293
1769027550, 1859.59, 539281.30, 290
1769027850, 1853.50, 541222.78, 292
1769028150, 1858.42, 546375.28, 294
1769028450, 1854.04, 545086.67, 294
1769028750, 1866.92, 548874.29, 294
1769029050, 1859.37, 546654.92, 294
1769029350, 1861.74, 547352.42, 294
1769029650, 1864.04, 546165.04, 293
1769029950, 1868.54, 545614.95, 292
1769030250, 1871.55, 546493.65, 292
1769030550, 1861.86, 547386.89, 294
1769030850, 1866.02, 544877.54, 292
1769031150, 1862.69, 547632.18, 294
1769031450, 1864.76, 548239.30, 294
1769031750, 1865.22, 548374.56, 294
1769032050, 1867.45, 549031.11, 294
1769032350, 1861.80, 549230.24, 295
1769032650, 1864.22, 548080.30, 294
1769032950, 1859.28, 542909.72, 292
1769033250, 1868.42, 549314.33, 294
1769033550, 1867.76, 545384.85, 292
1769033850, 1862.74, 547646.67, 294
1769034150, 1865.12, 540885.88, 290
1769034450, 1863.00, 549585.57, 295
1769034750, 1866.84, 548851.15, 294
1769035050, 1857.69, 542446.65, 292
1769035350, 1866.88, 545127.95, 292
1769035650, 1861.43, 547260.47, 294
1769035950, 1863.25, 547795.75, 294
1769036250, 1860.91, 543386.96, 292
1769036550, 1862.48, 540118.44, 290
1769036850, 1860.97, 539681.85, 290
1769037150, 1865.25, 548384.84, 294
1769037450, 1869.76, 545970.37, 292
1769037750, 1859.68, 543027.19, 292
1769038050, 1858.12, 546287.58, 294
1769038350, 1858.49, 540819.77, 291
1769038650, 1863.27, 544075.68, 292
1769038950, 1853.59, 544955.55, 294
1769039250, 1863.57, 547890.69, 294
1769039550, 1856.08, 541975.05, 292
1769039850, 1864.65, 550070.36, 295
1769040150, 1859.58, 546717.86, 294
1769040450, 1859.88, 543085.10, 292
1769040750, 1851.10, 544223.86, 294
1769041050, 1856.47, 542088.72, 292
1769041350, 1857.41, 542362.34, 292
1769041650, 1853.84, 541321.25, 292
1769041950, 1862.30, 543792.96, 292
1769042250, 1854.20, 545134.21, 294
1769042550, 1858.91, 546520.40, 294
1769042850, 1853.68, 541273.12, 292
1769043150, 1856.33, 543904.70, 293
1769043450, 1859.68, 546745.35, 294
1769043750, 1861.58, 547303.24, 294
1769044050, 1849.93, 543879.09, 294
1769044350, 1854.14, 541409.90, 292
1769044650, 1849.37, 543715.20, 294
1769044950, 1860.95, 547118.54, 294
1769045250, 1859.11, 546578.66, 294
1769045550, 1853.12, 537406.20, 290
1769045850, 1857.01, 542246.44, 292
1769046150, 1857.19, 544156.08, 293
1769046450, 1863.92, 547991.22, 294
1769046750, 1858.19, 546306.52, 294
1769047050, 1863.27, 544075.74, 292
1769047350, 1858.24, 546323.62, 294
1769047650, 1864.45, 544419.18, 292
1769047950, 1858.90, 542799.21, 292
1769048250, 1859.34, 542927.32, 292
1769048550, 1857.78, 546186.30, 294
1769048850, 1859.79, 546777.06, 294
1769049150, 1858.45, 548242.99, 295
1769049450, 1863.84, 544239.90, 292
1769049750, 1857.38, 546068.72, 294
1769050050, 1860.03, 543128.72, 292
1769050350, 1873.14, 550702.06, 294
1769050650, 1869.03, 549495.73, 294
1769050950, 1868.58, 549363.63, 294
1769051250, 1862.66, 547621.55, 294
1769051550, 1877.41, 548205.12, 292
1769051850, 1867.97, 549183.28, 294
1769052150, 1874.28, 547288.45, 292
1769052450, 1863.47, 547859.12, 294
1769052750, 1866.53, 545026.01, 292
1769053050, 1863.29, 547806.72, 294
1769053350, 1869.15, 549530.14, 294
1769053650, 1868.87, 549448.48, 294
1769053950, 1866.42, 546860.35, 293
1769054250, 1866.98, 548892.51, 294
1769054550, 1868.09, 545483.21, 292
1769054850, 1874.56, 551119.95, 294
1769055150, 1866.23, 548670.70, 294
1769055450, 1872.43, 543003.38, 290
1769055750, 1870.26, 546115.55, 292
1769056050, 1870.32, 546134.02, 292
1769056350, 1866.17, 546786.60, 293
1769056650, 1875.31, 547590.47, 292
1769056950, 1865.45, 544712.00, 292
1769057250, 1870.71, 546248.17, 292
1769057550, 1877.33, 548179.58, 292
1769057850, 1870.46, 549916.11, 294
1769058150, 1883.73, 550048.70, 292
1769058450, 1872.23, 550435.78, 294
1769058750, 1879.90, 547051.55, 291
1769059050, 1873.74, 550879.71, 294
1769059350, 1885.05, 554203.73, 294
1769059650, 1883.55, 549997.84, 292
1769059950, 1882.87, 553565.02, 294
1769060250, 1879.46, 552561.57, 294
1769060550, 1884.37, 550235.76, 292
1769060850, 1873.05, 543183.38, 290
1769061150, 1882.92, 555460.18, 295
1769061450, 1877.01, 548087.82, 292
1769061750, 1877.10, 548113.53, 292
1769062050, 1888.29, 555156.65, 294
1769062350, 1881.13, 553053.60, 294
1769062650, 1890.41, 555781.77, 294
1769062950, 1883.18, 549889.45, 292
1769063250, 1885.54, 550576.56, 292
1769063550, 1880.54, 552879.17, 294
1769063850, 1883.62, 553782.99, 294
1769064150, 1880.70, 554806.26, 295
1769064450, 1885.76, 546870.06, 290
1769064750, 1882.50, 553455.54, 294
1769065050, 1887.02, 551010.89, 292
1769065350, 1886.76, 554706.94, 294
1769065650, 1881.34, 549350.94, 292
1769065950, 1891.44, 556082.60, 294
1769066250, 1883.11, 549868.10, 292
1769066550, 1889.69, 555567.40, 294
1769066850, 1883.79, 550066.80, 292
1769067150, 1897.32, 557810.66, 294
1769067450, 1888.13, 553220.64, 293
1769067750, 1897.02, 550134.44, 290
1769068050, 1884.19, 553952.09, 294
1769068350, 1886.34, 554584.55, 294
1769068650, 1888.06, 551312.41, 292
1769068950, 1895.43, 557255.67, 294
1769069250, 1898.55, 558174.88, 294
1769069550, 1891.13, 555991.54, 294
1769069850, 1893.40, 549084.70, 290
1769070150, 1886.87, 547191.12, 290
1769070450, 1899.42, 558428.43, 294
1769070750, 1889.04, 555378.27, 294
1769071050, 1898.81, 560149.29, 295
1769071350, 1886.25, 554557.24, 294
1769071650, 1896.71, 553838.57, 292
1769071950, 1887.51, 554928.13, 294
1769072250, 1895.63, 557314.62, 294
1769072550, 1890.62, 552062.45, 292
1769072850, 1894.52, 549410.87, 290
1769073150, 1895.94, 557405.93, 294
1769073450, 1888.25, 551368.07, 292
1769073750, 1895.34, 557230.46, 294
1769074050, 1885.55, 541153.17, 287
1769074350, 1891.46, 552306.79, 292
1769074650, 1886.91, 550977.21, 292
1769074950, 1899.13, 558344.27, 294
1769075250, 1891.67, 558042.46, 295
1769075550, 1902.04, 559200.91, 294
1769075850, 1886.14, 550751.54, 292
1769076150, 1882.10, 553336.01, 294
1769076450, 1895.28, 553422.84, 292
1769076750, 1909.84, 557672.61, 292
1769077050, 1911.42, 561956.86, 294
1769077350, 1902.57, 559356.82, 294
1769077650, 1910.09, 553925.68, 290
1769077950, 1896.79, 559553.01, 295
1769078250, 1906.57, 556717.97, 292
1769078550, 1903.82, 555916.02, 292
1769078850, 1905.59, 556431.88, 292
1769079150, 1896.95, 548219.84, 289
1769079450, 1897.97, 558004.41, 294
1769079750, 1899.17, 556457.99, 293
1769080050, 1901.59, 555265.14, 292
1769080350, 1897.79, 544666.36, 287
1769080650, 1902.66, 559382.27, 294
1769080950, 1894.80, 558967.16, 295
1769081250, 1902.03, 559196.67, 294
1769081550, 1899.94, 554783.91, 292
1769081850, 1897.89, 554182.96, 292
1769082150, 1904.24, 556039.37, 292
1769082450, 1902.16, 559235.44, 294
1769082750, 1907.17, 556893.40, 292
1769083050, 1895.71, 557339.46, 294
1769083350, 1905.29, 560154.54, 294
1769083650, 1897.40, 554041.75, 292
1769083950, 1902.60, 561266.03, 295
1769084250, 1895.50, 549693.77, 290
1769084550, 1909.19, 557482.28, 292
1769084850, 1895.66, 553531.55, 292
1769085150, 1909.23, 551767.38, 289
1769085450, 1909.19, 557483.14, 292
1769085750, 1903.93, 555946.98, 292
1769086050, 1909.20, 561305.16, 294
1769086350, 1902.65, 559377.96, 294
1769086650, 1910.39, 559744.11, 293
1769086950, 1903.46, 550098.82, 289
1769087250, 1913.87, 558851.36, 292
1769087550, 1908.19, 562916.30, 295
1769087850, 1910.27, 553978.44, 290
1769088150, 1902.04, 559198.49, 294
1769088450, 1910.98, 561828.10, 294
1769088750, 1907.53, 556999.12, 292
1769089050, 1909.79, 561477.36, 294
1769089350, 1916.47, 563440.72, 294
1769089650, 1904.00, 559775.55, 294
1769089950, 1912.93, 558576.21, 292
1769090250, 1902.72, 561303.53, 295
1769090550, 1911.12, 558045.79, 292
1769090850, 1892.81, 548914.25, 290
1769091150, 1912.02, 562133.42, 294
1769091450, 1909.77, 557652.57, 292
1769091750, 1910.58, 552158.52, 289
1769092050, 1900.34, 558700.58, 294
1769092350, 1908.73, 561167.38, 294
1769092650, 1910.33, 557817.45, 292
1769092950, 1909.96, 561527.98, 294
1769093250, 1913.16, 554815.91, 290
1769093550, 1902.79, 555613.45, 292
1769093850, 1914.45, 559018.01, 292
1769094150, 1905.22, 558229.00, 293
1769094450, 1914.87, 562971.01, 294
1769094750, 1901.13, 555131.13, 292
1769095050, 1910.25, 557791.74, 292
1769095350, 1902.07, 559207.72, 294
1769095650, 1910.51, 561689.92, 294
1769095950, 1909.49, 557569.85, 292
1769096250, 1914.11, 562749.45, 294
1769096550, 1896.93, 552005.55, 291
1769096850, 1907.23, 560726.80, 294
1769097150, 1907.91, 557110.05, 292
1769097450, 1907.40, 560775.22, 294
1769097750, 1908.24, 561024.00, 294
1769098050, 1902.81, 559425.51, 294
1769098350, 1908.28, 561034.66, 294
1769098650, 1902.17, 559238.50, 294
1769098950, 1904.65, 559965.83, 294
1769099250, 1900.95, 560780.36, 295
1769099550, 1908.77, 557360.65, 292
1769099850, 1901.10, 558923.07, 294
1769100150, 1905.30, 556346.36, 292
1769100450, 1901.01, 558897.82, 294
1769100750, 1901.24, 555162.66, 292
1769101050, 1904.11, 559807.04, 294
1769101350, 1897.75, 559836.66, 295
1769101650, 1896.56, 553796.58, 292
1769101950, 1894.29, 556922.58, 294
1769102250, 1901.24, 555162.78, 292
1769102550, 1900.25, 558674.47, 294
1769102850, 1900.78, 555028.14, 292
1769103150, 1901.88, 561055.64, 295
1769103450, 1903.94, 554045.13, 291
1769103750, 1896.92, 546312.98, 288
1769104050, 1897.82, 554164.03, 292
1769104350, 1896.63, 559507.18, 295
1769104650, 1896.91, 557692.63, 294
1769104950, 1890.33, 551976.43, 292
1769105250, 1899.63, 558492.10, 294
1769105550, 1901.92, 555361.04, 292
1769105850, 1896.97, 557710.49, 294
1769106150, 1891.02, 552176.40, 292
1769106450, 1887.54, 547385.90, 290
1769106750, 1888.43, 553311.24, 293
1769107050, 1891.16, 556000.39, 294
1769107350, 1895.67, 553534.98, 292
1769107650, 1889.27, 551666.55, 292
1769107950, 1890.13, 550027.74, 291
1769108250, 1892.55, 556409.58, 294
1769108550, 1890.80, 555894.61, 294
1769108850, 1892.34, 541208.91, 286
1769109150, 1890.00, 553770.06, 293
1769109450, 1880.82, 552960.17, 294
1769109750, 1877.18, 551889.73, 294
1769110050, 1892.69, 556451.97, 294
1769110350, 1878.99, 552424.47, 294
1769110650, 1886.40, 550829.26, 292
1769110950, 1884.59, 554070.55, 294
1769111250, 1895.69, 553542.69, 292
1769111550, 1884.48, 554037.60, 294
1769111850, 1895.92, 557399.37, 294
1769112150, 1878.71, 552340.98, 294
1769112450, 1894.21, 556896.53, 294
1769112750, 1887.88, 556925.90, 295
1769113050, 1899.35, 558407.53, 294
1769113350, 1900.31, 558690.20, 294
1769113650, 1891.55, 552333.33, 292
1769113950, 1898.37, 558119.48, 294
1769114250, 1889.93, 544300.97, 288
1769114550, 1903.03, 559492.05, 294
1769114850, 1894.11, 554975.02, 293
1769115150, 1911.17, 561884.11, 294
1769115450, 1895.01, 557134.39, 294
1769115750, 1899.26, 554583.52, 292
1769116050, 1889.46, 547942.46, 290
1769116350, 1899.14, 550751.75, 290
1769116650, 1895.48, 557269.93, 294
1769116950, 1904.29, 559860.61, 294
1769117250, 1899.12, 558342.15, 294
1769117550, 1894.50, 556983.53, 294
1769117850, 1899.64, 556595.74, 293
1769118150, 1892.04, 556260.73, 294
1769118450, 1900.84, 558845.98, 294
1769118750, 1895.33, 557227.93, 294
1769119050, 1896.89, 557686.85, 294
1769119350, 1889.34, 551687.28, 292
1769119650, 1898.72, 558224.95, 294
1769119950, 1893.09, 556568.16, 294
1769120250, 1899.95, 550985.76, 290
1769120550, 1893.63, 556727.83, 294
1769120850, 1899.37, 560314.49, 295
1769121150, 1894.95, 549535.34, 290
1769121450, 1896.29, 559405.83, 295
1769121750, 1893.14, 552795.66, 292
1769122050, 1890.04, 555671.42, 294
1769122350, 1892.74, 556464.67, 294
1769122650, 1888.59, 555245.05, 294
1769122950, 1895.78, 557357.96, 294
1769123250, 1889.59, 555539.26, 294
1769123550, 1890.78, 555890.40, 294
1769123850, 1885.51, 554339.17, 294
1769124150, 1893.05, 548984.93, 290
1769124450, 1888.58, 553354.39, 293
1769124750, 1896.65, 551923.97, 291
1769125050, 1895.34, 551545.30, 291
1769125350, 1887.32, 551096.32, 292
1769125650, 1897.81, 557956.16, 294
1769125950, 1887.33, 552987.41, 293
1769126250, 1882.24, 553377.73, 294
1769126550, 1882.42, 553431.97, 294
1769126850, 1886.96, 550993.52, 292
1769127150, 1881.54, 553174.12, 294
1769127450, 1886.75, 554703.11, 294
1769127750, 1882.14, 553349.75, 294
1769128050, 1886.69, 550914.38, 292
1769128350, 1884.14, 548284.37, 291
1769128650, 1895.05, 557144.11, 294
1769128950, 1889.35, 551691.40, 292
1769129250, 1882.98, 549829.50, 292
1769129550, 1893.33, 556638.86, 294
1769129850, 1888.53, 551449.46, 292
1769130150, 1898.12, 558045.96, 294
1769130450, 1890.78, 555889.33, 294
1769130750, 1895.26, 557206.58, 294
1769131050, 1884.60, 548418.05, 291
1769131350, 1897.63, 554108.81, 292
1769131650, 1888.26, 555148.57, 294
1769131950, 1898.87, 558269.14, 294
1769132250, 1893.37, 556651.22, 294
1769132550, 1892.86, 550823.42, 291
1769132850, 1892.70, 558345.47, 295
1769133150, 1889.37, 555475.84, 294
1769133450, 1892.20, 552522.53, 292
1769133750, 1886.62, 547121.23, 290
1769134050, 1888.42, 547642.35, 290
1769134350, 1881.47, 545625.32, 290
1769134650, 1890.56, 555823.69, 294
1769134950, 1879.06, 548686.80, 292
1769135250, 1887.16, 547275.48, 290
1769135550, 1878.71, 552339.84, 294
1769135850, 1889.30, 551675.65, 292
1769136150, 1885.11, 554222.97, 294
1769136450, 1897.63, 557902.94, 294
1769136750, 1890.57, 552045.09, 292
1769137050, 1885.35, 554293.48, 294
1769137350, 1895.77, 555462.06, 293
1769137650, 1890.75, 552099.07, 292
1769137950, 1890.19, 555715.05, 294
1769138250, 1886.35, 554586.05, 294
1769138550, 1893.22, 556605.76, 294
1769138850, 1886.30, 554571.54, 294
1769139150, 1897.43, 557843.38, 294
1769139450, 1891.12, 552208.06, 292
1769139750, 1894.49, 556979.18, 294
1769140050, 1891.44, 550407.78, 291
1769140350, 1902.10, 559216.50, 294
1769140650, 1897.33, 557814.84, 294
1769140950, 1897.31, 554015.44, 292
1769141250, 1899.93, 558578.32, 294
1769141550, 1887.72, 554990.14, 294
1769141850, 1897.02, 557724.49, 294
1769142150, 1892.91, 556515.45, 294
1769142450, 1898.61, 560090.26, 295
1769142750, 1887.35, 554879.97, 294
1769143050, 1897.22, 550192.64, 290
1769143350, 1891.40, 552289.63, 292
1769143650, 1896.49, 553773.93, 292
1769143950, 1890.29, 548183.39, 290
1769144250, 1901.24, 555161.44, 292
1769144550, 1899.55, 558468.30, 294
1769144850, 1894.98, 551438.47, 291
1769145150, 1901.04, 555104.09, 292
1769145450, 1894.03, 545479.60, 288
1769145750, 1903.41, 559603.03, 294
1769146050, 1898.43, 558137.31, 294
1769146350, 1909.03, 557436.23, 292
1769146650, 1909.34, 553709.33, 290
1769146950, 1914.68, 562914.95, 294
1769147250, 1907.06, 558767.21, 293
1769147550, 1909.26, 561322.04, 294
1769147850, 1906.96, 556832.16, 292
1769148150, 1909.76, 557649.03, 292
1769148450, 1907.83, 560902.98, 294
1769148750, 1907.64, 557029.52, 292
1769149050, 1910.24, 561611.33, 294
1769149350, 1895.19, 557185.29, 294
1769149650, 1909.54, 561404.17, 294
1769149950, 1907.29, 562649.67, 295
1769150250, 1912.94, 558578.78, 292
1769150550, 1901.60, 559071.02, 294
1769150850, 1910.59, 561712.86, 294
1769151150, 1905.17, 560118.74, 294
1769151450, 1914.21, 558948.38, 292
1769151750, 1907.79, 560889.97, 294
1769152050, 1912.26, 558380.76, 292
1769152350, 1898.64, 548706.12, 289
1769152650, 1910.26, 557796.94, 292
1769152950, 1907.14, 551163.56, 289
1769153250, 1903.38, 559594.54, 294
1769153550, 1906.32, 560458.12, 294
1769153850, 1897.88, 557977.73, 294
1769154150, 1899.76, 549030.83, 289
1769154450, 1894.77, 557061.86, 294
1769154750, 1902.84, 557531.15, 293
1769155050, 1902.00, 559189.43, 294
1769155350, 1912.63, 562313.56, 294
1769155650, 1904.00, 559776.27, 294
1769155950, 1908.68, 557333.55, 292
1769156250, 1898.15, 558056.76, 294
1769156550, 1909.41, 561367.89, 294
1769156850, 1903.40, 559600.89, 294
1769157150, 1898.29, 559994.57, 295
1769157450, 1912.10, 562156.88, 294
1769157750, 1897.18, 557769.79, 294
1769158050, 1907.29, 560743.36, 294
1769158350, 1900.36, 554905.67, 292
1769158650, 1906.65, 556741.59, 292
1769158950, 1898.43, 554342.87, 292
1769159250, 1906.21, 562331.55, 295
1769159550, 1899.51, 558454.88, 294
1769159850, 1909.08, 553632.07, 290
1769160150, 1898.94, 558287.44, 294
1769160450, 1906.24, 556623.01, 292
1769160750, 1910.70, 557923.74, 292
1769161050, 1905.74, 552664.27, 290
1769161350, 1914.71, 562925.17, 294
1769161650, 1905.17, 558214.66, 293
1769161950, 1907.62, 560840.38, 294
1769162250, 1904.43, 559901.08, 294
1769162550, 1912.60, 562304.75, 294
1769162850, 1907.25, 560731.36, 294
1769163150, 1912.49, 562271.37, 294
1769163450, 1909.23, 561314.22, 294
1769163750, 1912.82, 556629.49, 291
1769164050, 1904.59, 556140.64, 292
1769164350, 1909.24, 553680.72, 290
1769164650, 1908.93, 561226.11, 294
1769164950, 1899.61, 558484.91, 294
1769165250, 1917.59, 563772.89, 294
1769165550, 1901.58, 549556.08, 289
1769165850, 1905.45, 556392.75, 292
1769166150, 1905.49, 558307.32, 293
1769166450, 1911.42, 558135.95, 292
1769166750, 1906.87, 560620.07, 294
1769167050, 1909.53, 561402.37, 294
1769167350, 1907.64, 557031.63, 292
1769167650, 1909.07, 561265.37, 294
1769168550, 1889.19, 555423.23, 294
1769168850, 1880.13, 545237.42, 290
1769169150, 1896.13, 551772.66, 291
1769169450, 1892.47, 548816.13, 290
1769169750, 1897.89, 556081.43, 293
1769170050, 1889.21, 555427.65, 294
1769170350, 1897.67, 557914.14, 294
1769170650, 1883.61, 550015.43, 292
1769170950, 1890.10, 555690.53, 294
1769171250, 1884.01, 553900.07, 294
1769171550, 1893.16, 556587.73, 294
1769171850, 1883.24, 553673.41, 294
1769172150, 1892.37, 554463.19, 293
1769172450, 1886.59, 550884.84, 292
1769172750, 1890.40, 548215.01, 290
1769173050, 1894.46, 549393.66, 290
1769173350, 1884.78, 554126.68, 294
1769173650, 1890.48, 555799.67, 294
1769173950, 1889.44, 555496.38, 294
1769174250, 1892.68, 556448.41, 294
1769174550, 1884.15, 553939.51, 294
1769174850, 1891.15, 555996.84, 294
1769175150, 1890.85, 557799.67, 295
1769175450, 1895.75, 549766.54, 290
1769175750, 1889.27, 557334.49, 295
1769176050, 1894.39, 553161.36, 292
1769176350, 1891.06, 555972.62, 294
1769176650, 1892.50, 552610.32, 292
1769176950, 1892.76, 556471.58, 294
1769177250, 1889.21, 551648.00, 292
1769177550, 1890.05, 548113.37, 290
1769177850, 1889.95, 557535.47, 295
1769178150, 1887.29, 554862.26, 294
1769178450, 1882.69, 553510.88, 294
1769178750, 1894.61, 557016.46, 294
1769179050, 1883.61, 550014.87, 292
1769179350, 1896.67, 557619.63, 294
1769179650, 1886.70, 550916.34, 292
1769179950, 1894.59, 557008.37, 294
1769180250, 1891.75, 550498.55, 291
1769180550, 1899.88, 554764.18, 292
1769180850, 1896.90, 553895.94, 292
1769181150, 1887.42, 554902.52, 294
1769181450, 1895.26, 557206.62, 294
1769181750, 1887.80, 551236.61, 292
1769182050, 1891.97, 556240.43, 294
1769182350, 1887.30, 556752.08, 295
1769182650, 1899.56, 558470.17, 294
1769182950, 1885.88, 543132.07, 288
1769183250, 1893.30, 552842.26, 292
1769183550, 1898.99, 558303.38, 294
1769183850, 1906.28, 560445.86, 294
1769184150, 1899.33, 558403.81, 294
1769184450, 1900.43, 556826.44, 293
1769184750, 1906.50, 556697.94, 292
1769185050, 1895.83, 557374.96, 294
1769185350, 1902.64, 559376.57, 294
1769185650, 1891.48, 556093.94, 294
1769185950, 1896.44, 557554.00, 294
1769186250, 1891.84, 556202.03, 294
1769186550, 1902.08, 561114.13, 295
1769186850, 1894.98, 557124.54, 294
1769187150, 1895.80, 553573.08, 292
1769187450, 1891.43, 552298.40, 292
1769187750, 1894.64, 549445.36, 290
1769188050, 1894.00, 556834.94, 294
1769188350, 1902.63, 551763.27, 290
1769188650, 1903.08, 559506.03, 294
1769188950, 1898.58, 558181.82, 294
1769189250, 1903.49, 561529.35, 295
1769189550, 1890.85, 544563.60, 288
1769189850, 1904.70, 559980.50, 294
1769190150, 1892.98, 554643.19, 293
1769190450, 1900.68, 554999.46, 292
1769190750, 1894.37, 556944.00, 294
1769191050, 1899.13, 558345.14, 294
1769191350, 1898.35, 558116.33, 294
1769191650, 1908.51, 561100.49, 294
1769191950, 1909.98, 561533.38, 294
1769192250, 1919.88, 566365.80, 295
1769192550, 1918.69, 564093.61, 294
1769192850, 1908.91, 561220.34, 294
1769193150, 1917.36, 556034.63, 290
1769193450, 1906.04, 560377.16, 294
1769193750, 1916.83, 563547.21, 294
1769194050, 1908.88, 561210.03, 294
1769194350, 1922.06, 565085.33, 294
1769194650, 1910.29, 563534.58, 295
1769194950, 1915.02, 555356.14, 290
1769195250, 1907.97, 560943.65, 294
1769195550, 1916.90, 563569.08, 294
1769195850, 1903.45, 551999.11, 290
1769196150, 1909.14, 561287.42, 294
1769196450, 1908.11, 560983.83, 294
1769196750, 1903.61, 555853.12, 292
1769197050, 1911.99, 558300.49, 292
1769197350, 1904.18, 556019.33, 292
1769197650, 1913.97, 562707.39, 294
1769197950, 1904.12, 559811.68, 294
1769198250, 1911.45, 561965.83, 294
1769198550, 1900.04, 556711.98, 293
1769198850, 1905.14, 560112.04, 294
1769199150, 1894.25, 553122.04, 292
1769199450, 1896.37, 557532.49, 294
1769199750, 1889.18, 555417.75, 294
1769200050, 1892.22, 556313.56, 294
1769200350, 1895.78, 557360.56, 294
1769200650, 1888.93, 551568.01, 292
1769200950, 1894.67, 555139.76, 293
1769201250, 1890.37, 548206.15, 290
1769201550, 1894.33, 556932.80, 294
1769201850, 1891.22, 556018.39, 294
1769202150, 1890.74, 555876.91, 294
1769202450, 1891.79, 556184.96, 294
1769202750, 1894.41, 556956.44, 294
1769203050, 1890.42, 557674.25, 295
1769203350, 1897.06, 557736.40, 294
1769203650, 1889.22, 551651.41, 292
1769203950, 1895.37, 553449.03, 292
1769204250, 1889.43, 555492.52, 294
1769204550, 1883.74, 553818.95, 294
1769204850, 1896.78, 553858.51, 292
1769205150, 1892.71, 554564.37, 293
1769205450, 1893.58, 556712.95, 294
1769205750, 1890.66, 555853.63, 294
1769206050, 1894.15, 556880.07, 294
1769206350, 1886.70, 550915.87, 292
1769206650, 1891.30, 556043.51, 294
1769206950, 1889.73, 555581.86, 294
1769207250, 1892.52, 552616.28, 292
1769207550, 1884.88, 556038.99, 295
1769207850, 1886.94, 554759.25, 294
1769208150, 1883.71, 550041.91, 292
1769208450, 1870.95, 546317.03, 292
1769208750, 1890.18, 555713.17, 294
1769209050, 1878.31, 552223.64, 294
1769209350, 1883.51, 549983.98, 292
1769209650, 1874.22, 547273.60, 292
1769209950, 1891.50, 556100.15, 294
1769210250, 1881.09, 554920.91, 295
1769210550, 1887.04, 554790.51, 294
1769210850, 1874.19, 551012.37, 294
1769211150, 1891.59, 548559.97, 290
1769211450, 1878.23, 552199.27, 294
1769211750, 1888.06, 555089.25, 294
1769212050, 1879.61, 554485.43, 295
1769212350, 1886.07, 554505.38, 294
1769212650, 1891.41, 552293.08, 292
1769212950, 1874.09, 547234.58, 292
1769213250, 1881.21, 553075.49, 294
1769213550, 1872.62, 550550.24, 294
1769213850, 1876.49, 551687.00, 294
1769214150, 1876.15, 551589.53, 294
1769214450, 1880.41, 549078.82, 292
1769214750, 1867.72, 549110.13, 294
1769215050, 1869.67, 549682.50, 294
1769215350, 1865.11, 540881.38, 290
1769215650, 1872.37, 550476.85, 294
1769215950, 1881.23, 553082.41, 294
1769216250, 1865.08, 544604.77, 292
1769216550, 1874.44, 551085.98, 294
1769216850, 1865.58, 548481.46, 294
1769217150, 1877.23, 542519.35, 289
1769217450, 1866.00, 544872.29, 292
1769217750, 1870.00, 544168.74, 291
1769218050, 1872.14, 546664.61, 292
1769218350, 1877.98, 552125.66, 294
1769218650, 1876.00, 551542.81, 294
1769218950, 1883.37, 551826.15, 293
1769219250, 1879.08, 544933.62, 290
1769219550, 1873.97, 550948.09, 294
1769219850, 1866.10, 548634.81, 294
1769220150, 1877.05, 548098.76, 292
1769220450, 1865.44, 548438.48, 294
1769220750, 1854.90, 545340.42, 294
1769221050, 1860.00, 543119.17, 292
1769221350, 1873.18, 546967.93, 292
1769221650, 1886.77, 554709.83, 294
1769221950, 1876.20, 547851.40, 292
1769222250, 1886.28, 556451.23, 295
1769222550, 1874.41, 541703.95, 289
1769222850, 1876.51, 553571.33, 295
1769223150, 1868.16, 549239.35, 294
1769223450, 1876.15, 544084.66, 290
1769223750, 1877.19, 551893.44, 294
1769224050, 1889.64, 555554.14, 294
1769224350, 1891.26, 556030.96, 294
1769224650, 1874.87, 547460.78, 292
1769224950, 1885.47, 550558.47, 292
1769225250, 1868.24, 545527.18, 292
1769225550, 1872.50, 546768.57, 292
1769225850, 1874.56, 547372.89, 292
1769226150, 1885.99, 556367.33, 295
1769226450, 1878.32, 548470.75, 292
1769226750, 1889.78, 548036.26, 290
1769227050, 1876.76, 548013.63, 292
1769227350, 1891.41, 556074.90, 294
1769227650, 1890.99, 555950.50, 294
1769227950, 1887.57, 554945.19, 294
1769228250, 1892.75, 547003.64, 289
1769228550, 1896.78, 553858.69, 292
1769228850, 1905.47, 562114.13, 295
1769229150, 1898.72, 554425.93, 292
1769229450, 1899.94, 550982.57, 290
1769229750, 1893.88, 556799.98, 294
1769230050, 1902.25, 551653.26, 290
1769230350, 1900.41, 558719.21, 294
1769230650, 1904.93, 560050.88, 294
1769230950, 1894.81, 557074.64, 294
1769231250, 1904.63, 558057.67, 293
1769231550, 1899.22, 554571.04, 292
1769231850, 1902.72, 555594.15, 292
1769232150, 1907.15, 560703.00, 294
1769232450, 1901.14, 558936.07, 294
1769232750, 1901.84, 559141.42, 294
1769233050, 1900.72, 558810.93, 294
1769233350, 1907.82, 560898.81, 294
1769233650, 1898.05, 559926.22, 295
1769233950, 1902.19, 551635.60, 290
1769234250, 1893.85, 556792.75, 294
1769234550, 1900.61, 558778.78, 294
1769234850, 1899.45, 558438.38, 294
1769235150, 1900.37, 554908.38, 292
1769235450, 1889.09, 555391.31, 294
1769235750, 1903.39, 559597.25, 294
1769236050, 1900.02, 558605.96, 294
1769236350, 1896.76, 559543.12, 295
1769236650, 1904.54, 559934.64, 294
1769236950, 1906.11, 560396.78, 294
1769237250, 1904.78, 560005.26, 294
1769237550, 1893.45, 556675.76, 294
1769237850, 1906.71, 560571.41, 294
1769238150, 1900.80, 555033.39, 292
1769238450, 1906.02, 556558.03, 292
1769238750, 1896.86, 557676.40, 294
1769239050, 1904.75, 559997.05, 294
1769239350, 1889.57, 553645.23, 293
1769239650, 1900.43, 558727.50, 294
1769239950, 1903.87, 559736.77, 294
1769240250, 1892.81, 547023.49, 289
1769240550, 1906.97, 560649.41, 294
1769240850, 1892.00, 556247.44, 294
1769241150, 1903.47, 561524.36, 295
1769241450, 1899.45, 545142.57, 287
1769241750, 1901.65, 557184.58, 293
1769242050, 1894.79, 557069.36, 294
1769242350, 1903.49, 559627.17, 294
1769242650, 1897.64, 554110.78, 292
1769242950, 1897.79, 557951.43, 294
1769243250, 1894.36, 556940.60, 294
1769243550, 1903.58, 559653.17, 294
1769243850, 1896.29, 557508.93, 294
1769244150, 1895.71, 559235.77, 295
1769244450, 1898.74, 554432.29, 292
1769244750, 1890.83, 548341.03, 290
1769245050, 1906.06, 560381.56, 294
1769245350, 1894.01, 556838.47, 294
1769245650, 1906.94, 556827.00, 292
1769245950, 1898.75, 558233.65, 294
1769246250, 1899.45, 558437.25, 294
1769246550, 1892.15, 558183.80, 295
1769246850, 1913.51, 562571.42, 294
1769247150, 1902.29, 559272.74, 294
1769247450, 1915.39, 563124.83, 294
1769247750, 1899.67, 558503.98, 294
1769248050, 1903.82, 559722.22, 294
1769248350, 1908.29, 561036.01, 294
1769248650, 1898.25, 554289.76, 292
1769248950, 1905.52, 560223.69, 294
1769249250, 1894.50, 558876.51, 295
1769249550, 1904.21, 556030.21, 292
1769249850, 1895.00, 553338.92, 292
1769250150, 1910.27, 561618.84, 294
1769250450, 1904.02, 559782.44, 294
1769250750, 1900.53, 558756.15, 294
1769251050, 1888.99, 547808.35, 290
1769251350, 1900.64, 554987.91, 292
1769251650, 1895.16, 559071.08, 295
1769251950, 1897.48, 554063.92, 292
1769252250, 1899.03, 558313.60, 294
1769252550, 1888.51, 551445.42, 292
1769252850, 1900.43, 558725.07, 294
1769253150, 1890.20, 555717.95, 294
1769253450, 1901.56, 559057.32, 294
1769253750, 1889.58, 557424.92, 295
1769254050, 1895.64, 557317.41, 294
1769254350, 1897.26, 550205.62, 290
1769254650, 1900.67, 558797.77, 294
1769254950, 1899.33, 558401.77, 294
1769255250, 1898.52, 558163.96, 294
1769255550, 1897.34, 557818.22, 294
1769255850, 1897.58, 550297.42, 290
1769256150, 1895.70, 549752.23, 290
1769256450, 1887.37, 552999.50, 293
1769256750, 1901.46, 559028.73, 294
1769257050, 1890.41, 555780.37, 294
1769257350, 1893.38, 556652.45, 294
1769257650, 1890.87, 555914.96, 294
1769257950, 1901.23, 555159.61, 292
1769258250, 1892.62, 556430.94, 294
1769258550, 1900.17, 558651.12, 294
1769258850, 1899.48, 560345.23, 295
1769259150, 1898.90, 554477.70, 292
1769259450, 1894.71, 551360.48, 291
1769259750, 1904.71, 559985.00, 294
1769260050, 1899.64, 558492.71, 294
1769260350, 1899.86, 558557.39, 294
1769260650, 1901.63, 555275.07, 292
1769260950, 1898.25, 558084.60, 294
1769261250, 1908.48, 557275.45, 292
1769261550, 1894.23, 556904.58, 294
1769261850, 1899.01, 554511.17, 292
1769262150, 1902.12, 561124.36, 295
1769262450, 1900.07, 554820.94, 292
1769262750, 1891.21, 556014.67, 294
1769263050, 1902.96, 559471.33, 294
1769263350, 1887.85, 555028.57, 294
1769263650, 1895.02, 557135.02, 294
1769263950, 1898.15, 554260.57, 292
1769264250, 1887.85, 547476.83, 290
1769264550, 1894.38, 553158.61, 292
1769264850, 1889.92, 555636.24, 294
1769265150, 1899.15, 554551.62, 292
1769265450, 1891.45, 556086.63, 294
1769265750, 1895.39, 557244.12, 294
1769266050, 1888.38, 547630.44, 290
1769266350, 1896.80, 557659.43, 294
1769266650, 1891.38, 554173.57, 293
1769266950, 1894.20, 556896.06, 294
1769267250, 1887.27, 551082.25, 292
1769267550, 1889.49, 547952.49, 290
1769267850, 1892.76, 552686.62, 292
1769268150, 1888.33, 547615.16, 290
1769268450, 1891.70, 556159.54, 294
1769268750, 1891.97, 556239.75, 294
1769269050, 1893.35, 556644.21, 294
1769269350, 1889.11, 555399.66, 294
1769269650, 1889.99, 551875.68, 292
1769269950, 1890.49, 548241.91, 290
1769270250, 1901.69, 560999.13, 295
1769270550, 1885.08, 550442.32, 292
1769270850, 1894.45, 556967.87, 294
1769271150, 1895.36, 549654.25, 290
1769271450, 1898.28, 554298.29, 292
1769271750, 1906.13, 556591.24, 292
1769272050, 1894.66, 557030.44, 294
1769272350, 1896.46, 557558.55, 294
1769272650, 1891.94, 556229.09, 294
1769272950, 1896.05, 553646.70, 292
1769273250, 1885.43, 556200.72, 295
1769273550, 1891.93, 548659.56, 290
1769273850, 1889.57, 555534.91, 294
1769274150, 1896.51, 559471.21, 295
1769274450, 1895.14, 557171.12, 294
1769274750, 1898.27, 550498.56, 290
1769275050, 1896.78, 557653.00, 294
1769275350, 1904.95, 560056.42, 294
1769275650, 1904.25, 559849.36, 294
1769275950, 1897.68, 557919.19, 294
1769276250, 1902.87, 559444.85, 294
1769276550, 1890.57, 555828.53, 294
1769276850, 1892.70, 548881.66, 290
1769277150, 1898.29, 554300.15, 292
1769277450, 1899.94, 560483.36, 295
1769277750, 1899.61, 554686.96, 292
1769278050, 1906.83, 560609.01, 294
1769278350, 1898.09, 558038.92, 294
1769278650, 1908.03, 560959.76, 294
1769278950, 1903.38, 559592.62, 294
1769279250, 1913.01, 562426.31, 294
1769279550, 1904.99, 556258.03, 292
1769279850, 1907.62, 560839.58, 294
1769280150, 1909.35, 557530.08, 292
1769280450, 1899.66, 556600.29, 293
1769280750, 1910.99, 554188.50, 290
1769281050, 1897.61, 554102.06, 292
1769281350, 1903.78, 559709.91, 294
1769281650, 1896.69, 557625.64, 294
1769281950, 1911.02, 561838.50, 294
1769282250, 1897.77, 550354.20, 290
1769282550, 1906.86, 560615.91, 294
1769282850, 1901.02, 558901.30, 294
1769283150, 1904.33, 559871.59, 294
1769283450, 1899.40, 558423.30, 294
1769283750, 1894.20, 558790.30, 295
1769284050, 1903.86, 555926.29, 292
1769284350, 1895.77, 557356.37, 294
1769284650, 1898.39, 554331.29, 292
1769284950, 1894.97, 557120.06, 294
1769285250, 1896.33, 553727.01, 292
1769285550, 1895.29, 549634.80, 290
1769285850, 1896.93, 557695.97, 294
1769286150, 1895.30, 555323.64, 293
1769286450, 1906.48, 556692.53, 292
1769286750, 1899.34, 558404.63, 294
1769287050, 1901.72, 559105.52, 294
1769287350, 1902.15, 555427.76, 292
1769287650, 1911.35, 554290.25, 290
1769287950, 1913.40, 562540.57, 294
1769288250, 1901.83, 555333.35, 292
1769288550, 1909.14, 561287.59, 294
1769288850, 1904.98, 556253.13, 292
1769289150, 1906.87, 556806.34, 292
1769289450, 1899.88, 558565.79, 294
1769289750, 1907.49, 556987.13, 292
1769290050, 1904.54, 559933.73, 294
1769290350, 1894.78, 551381.38, 291
1769290650, 1890.66, 552071.34, 292
1769290950, 1894.70, 555146.72, 293
1769291250, 1894.81, 557073.01, 294
1769291550, 1902.70, 555587.57, 292
1769291850, 1899.00, 558306.54, 294
1769292150, 1895.07, 557150.88, 294
1769292450, 1899.31, 554597.48, 292
1769292750, 1896.10, 557452.77, 294
1769293050, 1901.93, 559166.21, 294
1769293350, 1891.44, 556084.42, 294
1769293650, 1896.91, 557691.25, 294
1769293950, 1891.75, 554282.12, 293
1769294250, 1891.95, 552448.55, 292
1769294550, 1882.74, 538464.25, 286
1769295450, 1890.93, 544586.88, 288
1769295750, 1888.27, 555150.89, 294
1769296050, 1876.37, 547899.72, 292
1769296350, 1879.35, 552528.72, 294
1769296650, 1865.44, 548439.05, 294
1769297250, 1873.24, 546985.88, 292
1769297550, 1872.66, 550563.19, 294
1769297850, 1870.45, 546170.23, 292
1769298150, 1884.85, 556030.84, 295
1769298450, 1867.34, 545261.89, 292
1769298750, 1872.16, 550413.66, 294
1769299050, 1867.45, 549031.04, 294
1769299350, 1874.31, 545423.24, 291
1769299650, 1866.18, 548655.49, 294
1769299950, 1864.02, 548022.30, 294
1769300250, 1867.12, 545199.58, 292
1769300550, 1872.50, 550514.54, 294
1769300850, 1868.76, 549414.37, 294
1769301150, 1856.56, 542114.81, 292
1769301450, 1859.35, 546649.20, 294
1769301750, 1851.89, 546308.56, 295
1769302050, 1851.88, 540749.45, 292
1769302350, 1864.31, 548107.60, 294
1769302650, 1864.15, 540602.86, 290
1769302950, 1859.25, 548479.91, 295
1769303250, 1853.37, 544891.32, 294
1769303550, 1861.37, 543519.84, 292
1769303850, 1857.30, 542331.26, 292
1769304150, 1868.40, 549309.57, 294
1769304450, 1855.17, 545419.83, 294
1769304750, 1855.64, 545559.24, 294
1769305050, 1873.71, 550870.73, 294
1769305350, 1868.41, 549312.01, 294
1769305650, 1855.13, 541699.36, 292
1769305950, 1867.78, 545392.17, 292
1769306250, 1862.78, 545795.43, 293
1769306550, 1864.75, 544508.00, 292
1769306850, 1854.15, 545120.92, 294
1769307150, 1852.34, 544588.80, 294
1769307450, 1856.00, 543808.49, 293
1769307750, 1854.16, 543268.19, 293
1769308050, 1855.78, 545599.19, 294
1769308350, 1852.04, 540794.31, 292
1769308650, 1854.31, 545167.43, 294
1769308950, 1863.62, 544175.66, 292
1769309250, 1870.54, 549938.50, 294
1769309550, 1868.77, 549417.59, 294
1769309850, 1874.44, 549211.85, 293
1769310150, 1866.23, 548670.34, 294
1769310450, 1868.32, 543680.83, 291
1769310750, 1860.41, 546960.13, 294
1769311050, 1867.86, 549151.40, 294
1769311350, 1865.10, 544610.05, 292
1769311650, 1852.49, 544631.06, 294
1769312250, 1872.11, 544785.05, 291
1769312550, 1891.76, 556178.03, 294
1769312850, 1881.63, 549435.38, 292
1769313150, 1887.40, 554894.73, 294
1769313450, 1874.07, 550975.18, 294
1769313750, 1884.13, 553934.26, 294
1769314050, 1874.65, 551146.98, 294
1769314350, 1880.90, 552984.03, 294
1769314650, 1865.56, 542879.19, 291
1769314950, 1881.22, 549315.15, 292
1769315250, 1889.77, 555592.33, 294
1769315550, 1899.86, 554758.81, 292
1769315850, 1900.67, 558797.79, 294
1769316150, 1896.16, 557472.47, 294
1769316450, 1899.93, 558580.15, 294
1769316750, 1893.78, 552984.25, 292
1769317050, 1902.67, 559385.31, 294
1769317350, 1894.58, 557005.85, 294
1769317650, 1901.39, 555205.01, 292
1769317950, 1892.12, 558176.54, 295
1769318250, 1902.37, 547881.42, 288
1769318550, 1896.20, 553689.36, 292
1769318850, 1904.62, 552340.47, 290
1769319150, 1896.26, 553707.86, 292
1769319450, 1906.82, 556790.79, 292
1769319750, 1898.58, 554385.89, 292
1769320050, 1894.07, 553068.21, 292
1769320350, 1903.33, 559577.70, 294
1769320650, 1902.25, 555456.15, 292
1769320950, 1905.43, 560195.19, 294
1769321250, 1899.15, 554550.51, 292
1769321550, 1910.14, 561580.53, 294
1769321850, 1905.99, 562266.25, 295
1769322150, 1910.71, 561748.50, 294
1769322450, 1903.68, 555873.47, 292
1769322750, 1909.19, 561302.92, 294
1769323050, 1893.53, 547230.45, 289
1769323350, 1904.51, 559924.87, 294
1769323650, 1897.58, 557889.18, 294
1769323950, 1893.87, 558690.89, 295
1769324250, 1894.36, 556941.61, 294
1769324550, 1892.69, 556450.56, 294
1769324850, 1905.42, 560194.44, 294
1769325150, 1899.08, 558329.56, 294
1769325450, 1904.22, 559839.42, 294
1769325750, 1889.35, 555468.21, 294
1769326050, 1893.34, 556640.58, 294
1769326350, 1894.18, 553099.62, 292
1769326650, 1897.25, 557792.48, 294
1769326950, 1893.64, 556729.81, 294
1769327250, 1892.42, 558262.88, 295
1769327550, 1887.15, 554823.44, 294
1769327850, 1872.42, 544873.93, 291
1769328150, 1866.93, 541408.81, 290
1769328450, 1859.62, 546729.46, 294
1769328750, 1866.63, 548789.13, 294
1769329050, 1856.08, 545687.33, 294
1769329350, 1878.27, 544698.22, 290
1769329650, 1876.48, 547933.01, 292
1769329950, 1893.66, 556735.19, 294
1769330250, 1884.64, 554084.20, 294
1769330550, 1884.99, 554188.53, 294
1769330850, 1884.82, 556022.38, 295
1769331150, 1893.18, 552809.31, 292
1769331450, 1888.49, 547660.74, 290
1769331750, 1885.89, 550680.21, 292
1769332050, 1885.73, 554403.25, 294
1769332350, 1887.44, 554908.58, 294
1769332650, 1888.68, 555271.93, 294
1769332950, 1874.49, 551101.33, 294
1769333250, 1880.99, 553012.50, 294
1769333550, 1880.60, 552896.49, 294
1769333850, 1887.82, 555018.23, 294
1769334750, 1877.76, 552061.34, 294
1769335050, 1874.95, 551234.17, 294
1769335350, 1860.14, 539439.18, 290
1769335650, 1854.31, 545166.68, 294
1769335950, 1855.33, 545466.17, 294
1769336250, 1865.55, 548471.67, 294
1769336550, 1881.77, 553241.77, 294
1769336850, 1874.01, 547211.56, 292
1769337150, 1879.07, 554325.66, 295
1769337450, 1875.43, 551376.74, 294
1769337750, 1880.42, 549081.98, 292
1769338050, 1878.70, 552337.78, 294
1769338350, 1881.02, 553018.45, 294
1769338650, 1866.60, 548781.42, 294
1769338950, 1869.24, 542079.40, 290
1769339250, 1868.84, 545701.38, 292
1769339550, 1864.62, 544469.73, 292
1769339850, 1864.16, 544336.15, 292
1769340150, 1867.50, 549044.43, 294
1769340450, 1875.48, 547639.10, 292
1769340750, 1872.24, 550438.39, 294
1769345550, 1881.84, 549498.17, 292
1769345850, 1868.14, 549234.30, 294
1769346150, 1878.86, 552384.39, 294
1769346450, 1873.83, 547158.09, 292
1769346750, 1880.86, 552972.11, 294
1769347050, 1864.16, 549928.61, 295
1769347650, 1878.93, 537373.46, 286
1769347950, 1866.93, 548877.03, 294
1769348250, 1885.78, 556305.86, 295
1769348550, 1867.54, 545322.61, 292
1769348850, 1867.96, 541706.96, 290
1769349150, 1854.58, 545247.78, 294
1769349450, 1849.85, 543854.57, 294
1769349750, 1844.71, 542345.25, 294
1769350050, 1848.50, 543458.15, 294
1769350350, 1847.12, 539359.66, 292
1769351250, 1887.67, 549310.95, 291
1769351550, 1899.30, 558395.36, 294
1769351850, 1894.08, 556858.81, 294
1769352150, 1895.03, 557137.77, 294
1769352450, 1895.51, 559175.34, 295
1769352750, 1893.04, 556552.53, 294
1769353050, 1882.60, 549719.01, 292
1769353350, 1890.36, 555764.49, 294
1769353650, 1878.63, 548561.40, 292
1769353950, 1881.87, 549506.42, 292
1769354250, 1875.88, 551509.48, 294
1769354550, 1877.76, 552061.23, 294
1769354850, 1881.21, 553074.53, 294
1769355150, 1895.77, 557354.97, 294
1769355450, 1902.30, 561178.59, 295
1769355750, 1904.19, 559832.74, 294
1769356050, 1904.56, 559939.92, 294
1769356350, 1907.50, 560805.83, 294
1769356650, 1910.53, 554053.87, 290
1769356950, 1904.92, 560045.41, 294
1769357250, 1910.84, 554142.66, 290
1769357550, 1904.62, 559957.75, 294
1769357850, 1907.19, 556900.67, 292
1769358150, 1903.31, 557669.57, 293
1769358450, 1919.52, 564339.22, 294
1769358750, 1908.97, 561236.12, 294
1769359050, 1917.18, 563649.71, 294
1769359350, 1918.03, 560064.09, 292
1769359650, 1909.06, 561264.15, 294
1769359950, 1912.97, 562411.98, 294
1769360250, 1912.52, 564192.07, 295
1769360550, 1915.20, 559237.06, 292
1769360850, 1909.58, 557598.81, 292
1769361150, 1916.85, 563553.64, 294
1769361450, 1913.38, 560619.58, 293
1769361750, 1915.68, 551717.15, 288
1769362050, 1911.27, 558090.43, 292
1769362350, 1918.30, 563978.89, 294
1769362650, 1913.28, 564417.65, 295
1769362950, 1917.88, 560019.75, 292
1769363250, 1917.56, 563762.85, 294
1769363550, 1918.29, 560141.57, 292
1769363850, 1921.77, 559234.92, 291
1769364150, 1916.40, 563421.41, 294
1769364450, 1917.99, 552380.95, 288
1769364750, 1915.13, 559218.63, 292
1769365050, 1920.13, 560678.50, 292
1769365350, 1912.58, 548911.33, 287
1769365650, 1922.34, 561324.29, 292
1769365950, 1915.23, 563076.49, 294
1769366250, 1924.92, 562076.71, 292
1769366550, 1915.78, 561323.45, 293
1769366850, 1924.71, 565864.94, 294
1769367150, 1925.91, 566217.96, 294
1769367450, 1912.14, 558344.08, 292
1769367750, 1918.22, 563956.45, 294
1769368050, 1915.97, 563296.10, 294
1769368350, 1921.68, 564975.19, 294
1769368650, 1917.36, 563704.36, 294
1769368950, 1921.99, 565065.38, 294
1769369250, 1916.02, 561394.79, 293
1769369550, 1916.72, 563514.45, 294
1769369850, 1906.85, 560614.66, 294
1769370150, 1917.61, 563777.88, 294
1769370450, 1911.67, 554384.82, 290
1769370750, 1914.26, 558962.68, 292
1769371050, 1913.05, 562437.35, 294
1769371350, 1903.99, 559772.14, 294
1769371650, 1908.65, 561144.02, 294
1769371950, 1911.81, 562073.24, 294
1769372250, 1910.89, 559891.04, 293
1769372550, 1898.10, 554243.99, 292
1769372850, 1900.37, 558707.68, 294
1769373150, 1901.65, 559085.84, 294
1769373450, 1913.45, 562555.73, 294
1769373750, 1904.06, 559794.63, 294
1769374050, 1901.14, 558934.30, 294
1769374350, 1896.37, 557532.34, 294
1769374650, 1906.72, 560575.27, 294
1769374950, 1907.96, 560939.21, 294
1769375250, 1899.68, 558506.63, 294
1769375550, 1909.68, 559536.23, 293
1769375850, 1900.59, 554971.34, 292
1769376150, 1904.29, 556052.88, 292
1769376450, 1905.35, 554456.16, 291
1769376750, 1908.14, 557176.61, 292
1769377050, 1899.46, 558440.39, 294
1769377350, 1904.17, 559827.18, 294
1769377650, 1902.32, 559281.05, 294
1769377950, 1906.55, 556712.52, 292
1769378250, 1894.67, 553244.61, 292
1769378550, 1900.09, 558626.60, 294
1769378850, 1895.85, 553587.78, 292
1769379150, 1905.96, 556540.99, 292
1769379450, 1899.91, 554773.57, 292
1769379750, 1896.97, 553915.95, 292
1769380050, 1905.94, 560347.11, 294
1769380350, 1898.92, 558281.92, 294
1769380650, 1907.60, 560833.26, 294
1769380950, 1901.94, 553464.39, 291
1769381250, 1904.97, 560062.50, 294
1769381550, 1902.79, 555613.30, 292
1769381850, 1908.09, 560977.00, 294
1769382150, 1900.02, 551004.87, 290
1769382450, 1899.97, 554791.81, 292
1769382750, 1902.68, 555582.83, 292
1769383050, 1890.83, 552121.83, 292
1769383350, 1902.28, 559270.66, 294
1769383650, 1890.52, 544468.58, 288
1769383950, 1903.59, 561558.73, 295
1769384250, 1903.57, 559648.37, 294
1769384550, 1901.67, 555288.85, 292
1769384850, 1897.36, 557824.21, 294
1769385150, 1910.02, 561546.35, 294
1769385450, 1896.50, 553778.37, 292
1769385750, 1899.75, 558527.73, 294
1769386050, 1896.07, 553651.41, 292
1769386350, 1907.98, 560947.55, 294
1769386650, 1900.95, 560780.03, 295
1769386950, 1901.20, 558953.14, 294
1769387250, 1904.38, 559886.37, 294
1769387550, 1901.32, 558989.23, 294
1769387850, 1907.38, 560769.47, 294
1769388150, 1896.03, 557434.01, 294
1769388450, 1899.18, 558358.21, 294
1769388750, 1893.87, 556797.79, 294
1769389050, 1906.83, 549167.91, 288
1769389350, 1896.90, 550101.73, 290
1769389650, 1899.71, 552814.37, 291
1769389950, 1904.07, 559796.43, 294
1769390250, 1903.38, 559594.97, 294
1769390550, 1897.50, 550274.26, 290
1769390850, 1911.88, 562092.56, 294
1769391150, 1905.12, 560105.29, 294
1769391450, 1900.89, 558860.96, 294
1769391750, 1905.77, 560296.16, 294
1769392050, 1901.61, 559072.70, 294
1769392350, 1904.75, 552378.45, 290
1769392650, 1895.25, 553413.24, 292
1769392950, 1903.59, 561559.13, 295
1769393250, 1893.41, 556662.67, 294
1769393550, 1900.02, 547205.78, 288
1769393850, 1898.85, 550666.89, 290
1769394150, 1905.16, 556305.76, 292
1769394450, 1903.31, 555766.26, 292
1769394750, 1904.04, 559787.64, 294
1769395050, 1907.10, 560688.38, 294
1769395350, 1900.33, 558696.74, 294
1769395650, 1909.20, 561304.63, 294
1769395950, 1903.08, 555698.27, 292
1769396250, 1907.21, 553091.18, 290
1769396550, 1909.47, 563292.49, 295
1769396850, 1906.41, 552858.47, 290
1769397150, 1903.50, 559630.27, 294
1769397450, 1910.19, 557775.58, 292
1769397750, 1903.44, 555805.69, 292
1769398050, 1917.87, 563852.40, 294
1769398350, 1905.23, 560136.31, 294
1769398650, 1909.64, 553796.54, 290
1769398950, 1913.82, 562664.37, 294
1769399250, 1913.94, 562697.03, 294
1769399550, 1913.34, 564435.97, 295
1769399850, 1910.43, 561667.79, 294
1769400150, 1919.31, 560438.38, 292
1769400450, 1910.02, 561545.55, 294
1769400750, 1918.62, 564073.47, 294
1769401050, 1911.71, 562041.94, 294
1769401350, 1915.66, 557456.66, 291
1769401650, 1916.49, 563448.29, 294
1769401950, 1918.68, 550660.24, 287
1769402250, 1915.47, 563147.40, 294
1769402550, 1915.59, 563184.03, 294
1769402850, 1913.09, 554795.27, 290
1769403150, 1913.46, 562556.41, 294
1769403450, 1918.62, 564075.17, 294
1769403750, 1918.60, 564068.34, 294
1769404050, 1928.62, 563156.84, 292
1769404350, 1913.12, 564368.96, 295
1769404650, 1925.94, 562374.74, 292
1769404950, 1912.58, 562297.06, 294
1769405250, 1927.23, 566605.85, 294
1769405550, 1916.41, 563425.33, 294
1769405850, 1922.70, 565274.67, 294
1769406150, 1913.44, 562551.79, 294
1769406450, 1917.95, 563876.08, 294
1769406750, 1918.84, 560300.69, 292
1769407050, 1913.79, 558825.63, 292
1769407350, 1922.96, 565349.65, 294
1769407650, 1915.30, 563098.49, 294
1769407950, 1919.22, 562331.69, 293
1769408250, 1916.86, 559723.90, 292
1769408550, 1919.10, 560377.63, 292
1769408850, 1915.17, 563059.98, 294
1769409150, 1921.26, 564850.87, 294
1769409450, 1919.83, 564428.58, 294
1769409750, 1918.08, 563916.73, 294
1769410050, 1913.62, 554949.41, 290
1769410350, 1924.33, 565753.55, 294
1769410650, 1924.59, 565830.90, 294
1769410950, 1916.64, 565409.51, 295
1769411250, 1928.17, 566881.64, 294
1769411550, 1917.54, 559920.28, 292
1769411850, 1927.61, 566716.47, 294
1769412150, 1916.12, 563338.07, 294
1769412450, 1925.48, 558389.53, 290
1769412750, 1918.64, 552568.08, 288
1769413050, 1919.96, 564469.26, 294
1769413350, 1914.46, 562852.22, 294
1769413650, 1919.05, 560362.84, 292
1769413950, 1915.66, 565121.01, 295
1769414250, 1919.73, 560559.78, 292
1769414550, 1913.02, 541384.23, 283
1769414850, 1915.47, 559316.15, 292
1769415150, 1918.25, 563965.80, 294
1769415450, 1912.07, 558324.05, 292
1769415750, 1924.04, 567590.59, 295
1769416050, 1912.23, 562194.32, 294
1769416350, 1924.43, 565782.83, 294
1769416650, 1916.57, 563470.25, 294
1769416950, 1915.02, 559186.50, 292
1769417250, 1911.62, 562016.83, 294
1769417550, 1924.63, 558142.66, 290
1769417850, 1913.73, 558810.30, 292
1769418150, 1921.43, 564900.00, 294
1769418450, 1921.83, 565018.36, 294
1769418750, 1910.56, 561704.38, 294
1769419050, 1924.13, 567619.37, 295
1769419350, 1915.90, 559444.24, 292
1769419650, 1916.55, 559631.46, 292
1769419950, 1910.57, 561706.67, 294
1769420250, 1912.48, 558445.30, 292
1769420550, 1906.87, 364212.48, 191
1769451150, 1919.36, 566210.31, 295
1769451450, 1909.77, 557654.04, 292
1769451750, 1926.84, 566491.78, 294
1769452050, 1926.50, 562539.22, 292
1769452350, 1919.71, 564393.68, 294
1769452650, 1926.88, 566503.56, 294
1769452950, 1916.10, 563334.13, 294
1769453250, 1928.43, 566958.82, 294
1769453550, 1924.24, 567649.65, 295
1769453850, 1927.85, 562930.95, 292
1769454150, 1923.36, 565467.93, 294
1769454450, 1934.42, 564851.55, 292
1769454750, 1924.75, 562025.86, 292
1769455050, 1930.14, 567460.11, 294
1769455350, 1910.39, 554014.45, 290
1769455650, 1922.02, 561230.32, 292
1769455950, 1924.49, 558102.30, 290
1769456250, 1912.73, 562343.69, 294
1769456550, 1926.66, 566438.47, 294
1769456850, 1913.67, 554965.70, 290
1769457150, 1919.38, 564296.60, 294
1769457450, 1916.05, 563318.29, 294
1769457750, 1923.78, 567514.30, 295
1769458050, 1912.99, 562419.99, 294
1769458350, 1915.82, 563250.52, 294
1769458650, 1899.61, 550888.33, 290
1769458950, 1900.67, 558797.59, 294
1769459250, 1890.51, 548246.68, 290
1769459550, 1897.13, 550168.15, 290
1769459850, 1888.86, 555325.58, 294
1769460150, 1890.14, 555700.45, 294
1769460450, 1910.92, 561811.74, 294
1769460750, 1904.14, 557912.29, 293
1769461050, 1914.70, 559091.13, 292
1769461350, 1911.91, 562101.63, 294
1769461650, 1913.50, 558741.02, 292
1769461950, 1906.22, 552802.44, 290
1769462250, 1912.16, 562174.67, 294
1769462550, 1898.05, 554230.27, 292
1769462850, 1911.28, 558094.25, 292
1769463150, 1892.64, 548865.68, 290
1769463450, 1899.15, 554552.19, 292
1769463750, 1901.99, 559186.33, 294
1769464050, 1900.13, 552938.72, 291
1769464350, 1905.60, 560245.72, 294
1769464650, 1892.18, 552515.79, 292
1769464950, 1900.08, 558623.04, 294
1769465250, 1903.15, 559524.80, 294
1769465550, 1907.05, 560672.34, 294
1769465850, 1907.13, 560697.65, 294
1769466150, 1911.60, 558186.51, 292
1769466450, 1906.55, 560524.52, 294
1769466750, 1913.55, 564496.28, 295
1769467050, 1900.71, 558808.47, 294
1769467350, 1905.16, 556307.14, 292
1769467650, 1910.47, 561677.59, 294
1769467950, 1900.28, 554881.01, 292
1769468250, 1901.53, 555247.82, 292
1769468550, 1899.23, 554574.12, 292
1769468850, 1901.59, 551459.98, 290
1769469150, 1892.63, 552647.96, 292
1769469450, 1901.68, 559095.23, 294
1769469750, 1895.64, 555422.44, 293
1769470050, 1904.43, 559903.69, 294
1769470350, 1900.79, 555029.77, 292
1769470650, 1908.79, 561183.91, 294
1769470950, 1898.55, 558172.67, 294
1769471250, 1905.76, 560292.20, 294
1769471550, 1901.24, 558963.25, 294
1769471850, 1895.65, 553530.21, 292
